   0.0000000e+00   0.0000000e+00
   6.1653843e-01   6.0760850e-01
   1.2661537e+00   1.2304340e+00
   1.9488459e+00   1.8684765e+00
   2.6646149e+00   2.5217359e+00
   3.4134609e+00   3.1902124e+00
   4.1953836e+00   3.8739059e+00
   5.0103833e+00   4.5728163e+00
   5.8584598e+00   5.2869438e+00
   6.7396132e+00   6.0162882e+00
   7.6538434e+00   6.7608496e+00
   7.6538434e+00   6.7608496e+00
   8.5883226e+00   7.5131613e+00
   9.5302229e+00   8.2657563e+00
   1.0479544e+01   9.0186347e+00
   1.1436286e+01   9.7717965e+00
   1.2400450e+01   1.0525242e+01
   1.3372034e+01   1.1278970e+01
   1.4351039e+01   1.2032982e+01
   1.5337466e+01   1.2787278e+01
   1.6331313e+01   1.3541856e+01
   1.7332582e+01   1.4296718e+01
   1.7332582e+01   1.4296718e+01
   1.8305135e+01   1.5048410e+01
   1.9212837e+01   1.5793478e+01
   2.0055688e+01   1.6531923e+01
   2.0833688e+01   1.7263743e+01
   2.1546837e+01   1.7988940e+01
   2.2195135e+01   1.8707513e+01
   2.2778581e+01   1.9419463e+01
   2.3297176e+01   2.0124788e+01
   2.3750920e+01   2.0823490e+01
   2.4139813e+01   2.1515568e+01
   2.4139813e+01   2.1515568e+01
   2.4559469e+01   2.2247687e+01
   2.5105503e+01   2.3066512e+01
   2.5777915e+01   2.3972042e+01
   2.6576705e+01   2.4964279e+01
   2.7501872e+01   2.6043221e+01
   2.8553418e+01   2.7208869e+01
   2.9731341e+01   2.8461222e+01
   3.1035641e+01   2.9800282e+01
   3.2466320e+01   3.1226047e+01
   3.4023376e+01   3.2738518e+01
   3.4023376e+01   3.2738518e+01
   3.5588423e+01   3.4244045e+01
   3.7043072e+01   3.5648976e+01
   3.8387324e+01   3.6953313e+01
   3.9621179e+01   3.8157054e+01
   4.0744637e+01   3.9260201e+01
   4.1757697e+01   4.0262753e+01
   4.2660359e+01   4.1164710e+01
   4.3452625e+01   4.1966072e+01
   4.4134493e+01   4.2666839e+01
   4.4705964e+01   4.3267011e+01
   4.4705964e+01   4.3267011e+01
   4.5259012e+01   4.3806059e+01
   4.5885612e+01   4.4323453e+01
   4.6585765e+01   4.4819192e+01
   4.7359469e+01   4.5293277e+01
   4.8206726e+01   4.5745708e+01
   4.9127534e+01   4.6176485e+01
   5.0121895e+01   4.6585608e+01
   5.1189807e+01   4.6973077e+01
   5.2331272e+01   4.7338892e+01
   5.3546288e+01   4.7683052e+01
   5.3546288e+01   4.7683052e+01
   5.4803657e+01   4.8014808e+01
   5.6072177e+01   4.8343408e+01
   5.7351849e+01   4.8668853e+01
   5.8642672e+01   4.8991142e+01
   5.9944647e+01   4.9310275e+01
   6.1257773e+01   4.9626253e+01
   6.2582051e+01   4.9939076e+01
   6.3917481e+01   5.0248742e+01
   6.5264062e+01   5.0555254e+01
   6.6621795e+01   5.0858610e+01
   6.6621795e+01   5.0858610e+01
   6.7933590e+01   5.1178899e+01
   6.9142358e+01   5.1536210e+01
   7.0248099e+01   5.1930544e+01
   7.1250813e+01   5.2361900e+01
   7.2150500e+01   5.2830279e+01
   7.2947159e+01   5.3335680e+01
   7.3640792e+01   5.3878103e+01
   7.4231398e+01   5.4457548e+01
   7.4718976e+01   5.5074016e+01
   7.5103527e+01   5.5727506e+01
   7.5103527e+01   5.5727506e+01
   7.5435262e+01   5.6426868e+01
   7.5764388e+01   5.7180950e+01
   7.6090907e+01   5.7989753e+01
   7.6414819e+01   5.8853277e+01
   7.6736123e+01   5.9771522e+01
   7.7054820e+01   6.0744487e+01
   7.7370909e+01   6.1772172e+01
   7.7684391e+01   6.2854579e+01
   7.7995266e+01   6.3991706e+01
   7.8303532e+01   6.5183554e+01
   7.8303532e+01   6.5183554e+01
   7.8614415e+01   6.6374324e+01
   7.8933136e+01   6.7508215e+01
   7.9259696e+01   6.8585229e+01
   7.9594094e+01   6.9605366e+01
   7.9936331e+01   7.0568624e+01
   8.0286406e+01   7.1475005e+01
   8.0644320e+01   7.2324508e+01
   8.1010072e+01   7.3117134e+01
   8.1383664e+01   7.3852882e+01
   8.1765093e+01   7.4531752e+01
   8.1765093e+01   7.4531752e+01
   8.2168115e+01   7.5166000e+01
   8.2606480e+01   7.5781879e+01
   8.3080191e+01   7.6379387e+01
   8.3589245e+01   7.6958526e+01
   8.4133645e+01   7.7519295e+01
   8.4713388e+01   7.8061695e+01
   8.5328476e+01   7.8585724e+01
   8.5978909e+01   7.9091384e+01
   8.6664686e+01   7.9578674e+01
   8.7385807e+01   8.0047594e+01
   8.7385807e+01   8.0047594e+01
   8.8119930e+01   8.0553401e+01
   8.8844710e+01   8.1151350e+01
   8.9560147e+01   8.1841441e+01
   9.0266242e+01   8.2623675e+01
   9.0962995e+01   8.3498051e+01
   9.1650405e+01   8.4464569e+01
   9.2328472e+01   8.5523230e+01
   9.2997197e+01   8.6674033e+01
   9.3656579e+01   8.7916978e+01
   9.4306619e+01   8.9252066e+01
   9.4306619e+01   8.9252066e+01
   9.4944384e+01   9.0601132e+01
   9.5566944e+01   9.1886013e+01
   9.6174297e+01   9.3106708e+01
   9.6766444e+01   9.4263217e+01
   9.7343385e+01   9.5355540e+01
   9.7905121e+01   9.6383678e+01
   9.8451650e+01   9.7347630e+01
   9.8982972e+01   9.8247396e+01
   9.9499089e+01   9.9082977e+01
   1.0000000e+02   9.9854372e+01
