   0.0000000e+00   0.0000000e+00
   6.3698852e-01   5.7028803e-01
   1.3479541e+00   1.0811521e+00
   2.1328967e+00   1.5325923e+00
   2.9918163e+00   1.9246085e+00
   3.9247129e+00   2.2572008e+00
   4.9315866e+00   2.5303691e+00
   6.0124373e+00   2.7441135e+00
   7.1672651e+00   2.8984339e+00
   8.3960699e+00   2.9933305e+00
   9.6988517e+00   3.0288030e+00
   9.6988517e+00   3.0288030e+00
   1.1028302e+01   3.0420935e+00
   1.2337114e+01   3.0704435e+00
   1.3625286e+01   3.1138532e+00
   1.4892819e+01   3.1723226e+00
   1.6139712e+01   3.2458516e+00
   1.7365966e+01   3.3344402e+00
   1.8571581e+01   3.4380884e+00
   1.9756556e+01   3.5567963e+00
   2.0920893e+01   3.6905638e+00
   2.2064590e+01   3.8393910e+00
   2.2064590e+01   3.8393910e+00
   2.3174128e+01   4.0138765e+00
   2.4235990e+01   4.2246191e+00
   2.5250174e+01   4.4716188e+00
   2.6216682e+01   4.7548755e+00
   2.7135512e+01   5.0743894e+00
   2.8006665e+01   5.4301603e+00
   2.8830141e+01   5.8221883e+00
   2.9605940e+01   6.2504733e+00
   3.0334061e+01   6.7150155e+00
   3.1014506e+01   7.2158147e+00
   3.1014506e+01   7.2158147e+00
   3.1701708e+01   7.7528939e+00
   3.2450103e+01   8.3262759e+00
   3.3259691e+01   8.9359607e+00
   3.4130472e+01   9.5819484e+00
   3.5062445e+01   1.0264239e+01
   3.6055611e+01   1.0982832e+01
   3.7109969e+01   1.1737728e+01
   3.8225520e+01   1.2528927e+01
   3.9402264e+01   1.3356429e+01
   4.0640201e+01   1.4220234e+01
   4.0640201e+01   1.4220234e+01
   4.1875218e+01   1.5081493e+01
   4.3043204e+01   1.5901358e+01
   4.4144157e+01   1.6679829e+01
   4.5178079e+01   1.7416905e+01
   4.6144969e+01   1.8112588e+01
   4.7044827e+01   1.8766877e+01
   4.7877653e+01   1.9379772e+01
   4.8643448e+01   1.9951273e+01
   4.9342210e+01   2.0481379e+01
   4.9973941e+01   2.0970092e+01
   4.9973941e+01   2.0970092e+01
   5.0585442e+01   2.1453851e+01
   5.1223514e+01   2.1969097e+01
   5.1888158e+01   2.2515829e+01
   5.2579373e+01   2.3094049e+01
   5.3297160e+01   2.3703755e+01
   5.4041518e+01   2.4344948e+01
   5.4812447e+01   2.5017628e+01
   5.5609948e+01   2.5721795e+01
   5.6434021e+01   2.6457449e+01
   5.7284665e+01   2.7224589e+01
   5.7284665e+01   2.7224589e+01
   5.8132924e+01   2.7993797e+01
   5.8949840e+01   2.8735652e+01
   5.9735414e+01   2.9450154e+01
   6.0489645e+01   3.0137303e+01
   6.1212534e+01   3.0797100e+01
   6.1904080e+01   3.1429543e+01
   6.2564284e+01   3.2034635e+01
   6.3193146e+01   3.2612373e+01
   6.3790665e+01   3.3162758e+01
   6.4356842e+01   3.3685791e+01
   6.4356842e+01   3.3685791e+01
   6.4895195e+01   3.4240520e+01
   6.5409244e+01   3.4885992e+01
   6.5898988e+01   3.5622208e+01
   6.6364427e+01   3.6449168e+01
   6.6805561e+01   3.7366872e+01
   6.7222391e+01   3.8375320e+01
   6.7614916e+01   3.9474512e+01
   6.7983137e+01   4.0664447e+01
   6.8327052e+01   4.1945127e+01
   6.8646664e+01   4.3316550e+01
   6.8646664e+01   4.3316550e+01
   6.8966253e+01   4.4687997e+01
   6.9310104e+01   4.5968746e+01
   6.9678217e+01   4.7158799e+01
   7.0070591e+01   4.8258154e+01
   7.0487227e+01   4.9266812e+01
   7.0928124e+01   5.0184772e+01
   7.1393283e+01   5.1012036e+01
   7.1882704e+01   5.1748602e+01
   7.2396386e+01   5.2394471e+01
   7.2934330e+01   5.2949643e+01
   7.2934330e+01   5.2949643e+01
   7.3492104e+01   5.3449628e+01
   7.4065278e+01   5.3929935e+01
   7.4653852e+01   5.4390564e+01
   7.5257825e+01   5.4831517e+01
   7.5877198e+01   5.5252792e+01
   7.6511970e+01   5.5654390e+01
   7.7162142e+01   5.6036310e+01
   7.7827714e+01   5.6398553e+01
   7.8508686e+01   5.6741118e+01
   7.9205057e+01   5.7064007e+01
   7.9205057e+01   5.7064007e+01
   7.9922917e+01   5.7442817e+01
   8.0668357e+01   5.7953150e+01
   8.1441377e+01   5.8595004e+01
   8.2241976e+01   5.9368381e+01
   8.3070155e+01   6.0273279e+01
   8.3925914e+01   6.1309700e+01
   8.4809252e+01   6.2477642e+01
   8.5720169e+01   6.3777107e+01
   8.6658666e+01   6.5208093e+01
   8.7624743e+01   6.6770601e+01
   8.7624743e+01   6.6770601e+01
   8.8576396e+01   6.8348674e+01
   8.9471622e+01   6.9826351e+01
   9.0310422e+01   7.1203635e+01
   9.1092795e+01   7.2480523e+01
   9.1818741e+01   7.3657017e+01
   9.2488260e+01   7.4733117e+01
   9.3101353e+01   7.5708822e+01
   9.3658019e+01   7.6584132e+01
   9.4158258e+01   7.7359048e+01
   9.4602071e+01   7.8033570e+01
   9.4602071e+01   7.8033570e+01
   9.5002859e+01   7.8665529e+01
   9.5374026e+01   7.9312759e+01
   9.5715571e+01   7.9975260e+01
   9.6027494e+01   8.0653032e+01
   9.6309796e+01   8.1346074e+01
   9.6562476e+01   8.2054386e+01
   9.6785534e+01   8.2777969e+01
   9.6978971e+01   8.3516823e+01
   9.7142786e+01   8.4270948e+01
   9.7276979e+01   8.5040343e+01
   9.7276979e+01   8.5040343e+01
   9.7397673e+01   8.5815428e+01
   9.7520991e+01   8.6586623e+01
   9.7646932e+01   8.7353928e+01
   9.7775497e+01   8.8117342e+01
   9.7906686e+01   8.8876866e+01
   9.8040498e+01   8.9632500e+01
   9.8176934e+01   9.0384244e+01
   9.8315994e+01   9.1132097e+01
   9.8457677e+01   9.1876060e+01
   9.8601983e+01   9.2616133e+01
   9.8601983e+01   9.2616133e+01
   9.8747020e+01   9.3354287e+01
   9.8890894e+01   9.4092492e+01
   9.9033604e+01   9.4830749e+01
   9.9175151e+01   9.5569058e+01
   9.9315534e+01   9.6307419e+01
   9.9454754e+01   9.7045831e+01
   9.9592810e+01   9.7784296e+01
   9.9729704e+01   9.8522812e+01
   9.9865434e+01   9.9261380e+01
   1.0000000e+02   1.0000000e+02
