   0.0000000e+00   0.0000000e+00
   0.0000000e+00   0.0000000e+00
   6.6411340e-01   6.0582840e-01
   1.4564536e+00   1.2233136e+00
   2.3770206e+00   1.8524556e+00
   3.4258144e+00   2.4932544e+00
   4.6028350e+00   3.1457100e+00
   5.9080824e+00   3.8098224e+00
   7.3415566e+00   4.4855915e+00
   8.9032576e+00   5.1730175e+00
   1.0593185e+01   5.8721003e+00
   1.2411340e+01   6.5828399e+00
   1.2411340e+01   6.5828399e+00
   1.4228525e+01   7.3148505e+00
   1.5915544e+01   8.0777465e+00
   1.7472397e+01   8.8715277e+00
   1.8899085e+01   9.6961943e+00
   2.0195606e+01   1.0551746e+01
   2.1361962e+01   1.1438183e+01
   2.2398151e+01   1.2355506e+01
   2.3304175e+01   1.3303714e+01
   2.4080033e+01   1.4282807e+01
   2.4725725e+01   1.5292785e+01
   2.4725725e+01   1.5292785e+01
   2.5318621e+01   1.6356404e+01
   2.5936093e+01   1.7496417e+01
   2.6578139e+01   1.8712826e+01
   2.7244761e+01   2.0005629e+01
   2.7935958e+01   2.1374828e+01
   2.8651729e+01   2.2820421e+01
   2.9392076e+01   2.4342409e+01
   3.0156998e+01   2.5940793e+01
   3.0946495e+01   2.7615571e+01
   3.1760567e+01   2.9366744e+01
   3.1760567e+01   2.9366744e+01
   3.2571840e+01   3.1111005e+01
   3.3352940e+01   3.2765047e+01
   3.4103868e+01   3.4328871e+01
   3.4824624e+01   3.5802476e+01
   3.5515206e+01   3.7185862e+01
   3.6175616e+01   3.8479029e+01
   3.6805854e+01   3.9681977e+01
   3.7405918e+01   4.0794707e+01
   3.7975811e+01   4.1817218e+01
   3.8515530e+01   4.2749510e+01
   3.8515530e+01   4.2749510e+01
   3.9070013e+01   4.3677410e+01
   3.9684195e+01   4.4686747e+01
   4.0358077e+01   4.5777521e+01
   4.1091659e+01   4.6949730e+01
   4.1884940e+01   4.8203376e+01
   4.2737920e+01   4.9538459e+01
   4.3650600e+01   5.0954977e+01
   4.4622980e+01   5.2452932e+01
   4.5655059e+01   5.4032323e+01
   4.6746838e+01   5.5693151e+01
   4.6746838e+01   5.5693151e+01
   4.7839328e+01   5.7343112e+01
   4.8873544e+01   5.8889903e+01
   4.9849484e+01   6.0333524e+01
   5.0767149e+01   6.1673975e+01
   5.1626538e+01   6.2911257e+01
   5.2427652e+01   6.4045368e+01
   5.3170491e+01   6.5076310e+01
   5.3855055e+01   6.6004082e+01
   5.4481343e+01   6.6828684e+01
   5.5049356e+01   6.7550116e+01
   5.5049356e+01   6.7550116e+01
   5.5660491e+01   6.8224536e+01
   5.6416146e+01   6.8908103e+01
   5.7316320e+01   6.9600814e+01
   5.8361014e+01   7.0302672e+01
   5.9550228e+01   7.1013675e+01
   6.0883961e+01   7.1733825e+01
   6.2362214e+01   7.2463120e+01
   6.3984986e+01   7.3201561e+01
   6.5752278e+01   7.3949147e+01
   6.7664089e+01   7.4705880e+01
   6.7664089e+01   7.4705880e+01
   6.9577336e+01   7.5453633e+01
   7.1348932e+01   7.6174283e+01
   7.2978879e+01   7.6867828e+01
   7.4467176e+01   7.7534270e+01
   7.5813823e+01   7.8173608e+01
   7.7018820e+01   7.8785842e+01
   7.8082167e+01   7.9370973e+01
   7.9003864e+01   7.9928999e+01
   7.9783912e+01   8.0459922e+01
   8.0422309e+01   8.0963740e+01
   8.0422309e+01   8.0963740e+01
   8.1128901e+01   8.1595343e+01
   8.2113533e+01   8.2509618e+01
   8.3376203e+01   8.3706564e+01
   8.4916914e+01   8.5186182e+01
   8.6735663e+01   8.6948472e+01
   8.8832452e+01   8.8993434e+01
   9.1207280e+01   9.1321068e+01
   9.3860147e+01   9.3931373e+01
   9.6791054e+01   9.6824351e+01
   1.0000000e+02   1.0000000e+02
