   0.0000000e+00   0.0000000e+00
   0.0000000e+00   0.0000000e+00
   5.7576333e-01   5.9601832e-01
   1.1030533e+00   1.1840733e+00
   1.5818700e+00   1.7641649e+00
   2.0122133e+00   2.3362931e+00
   2.3940832e+00   2.9004580e+00
   2.7274798e+00   3.4566595e+00
   3.0124031e+00   4.0048976e+00
   3.2488531e+00   4.5451724e+00
   3.4368297e+00   5.0774838e+00
   3.5763329e+00   5.6018318e+00
   3.5763329e+00   5.6018318e+00
   3.7066644e+00   6.1288923e+00
   3.8671257e+00   6.6693411e+00
   4.0577169e+00   7.2231782e+00
   4.2784379e+00   7.7904036e+00
   4.5292887e+00   8.3710172e+00
   4.8102693e+00   8.9650192e+00
   5.1213798e+00   9.5724094e+00
   5.4626201e+00   1.0193188e+01
   5.8339903e+00   1.0827355e+01
   6.2354902e+00   1.1474910e+01
   6.2354902e+00   1.1474910e+01
   6.6658184e+00   1.2096833e+01
   7.1236731e+00   1.2654105e+01
   7.6090543e+00   1.3146725e+01
   8.1219620e+00   1.3574694e+01
   8.6623963e+00   1.3938011e+01
   9.2303572e+00   1.4236676e+01
   9.8258445e+00   1.4470690e+01
   1.0448858e+01   1.4640052e+01
   1.1099399e+01   1.4744762e+01
   1.1777466e+01   1.4784821e+01
   1.1777466e+01   1.4784821e+01
   1.2456350e+01   1.4811845e+01
   1.3109342e+01   1.4877452e+01
   1.3736443e+01   1.4981641e+01
   1.4337651e+01   1.5124413e+01
   1.4912968e+01   1.5305768e+01
   1.5462392e+01   1.5525705e+01
   1.5985925e+01   1.5784224e+01
   1.6483566e+01   1.6081326e+01
   1.6955314e+01   1.6417011e+01
   1.7401171e+01   1.6791278e+01
   1.7401171e+01   1.6791278e+01
   1.7850230e+01   1.7173661e+01
   1.8331585e+01   1.7533692e+01
   1.8845236e+01   1.7871372e+01
   1.9391183e+01   1.8186700e+01
   1.9969426e+01   1.8479677e+01
   2.0579965e+01   1.8750302e+01
   2.1222801e+01   1.8998575e+01
   2.1897932e+01   1.9224498e+01
   2.2605360e+01   1.9428068e+01
   2.3345083e+01   1.9609288e+01
   2.3345083e+01   1.9609288e+01
   2.4091323e+01   1.9777179e+01
   2.4818301e+01   1.9940766e+01
   2.5526016e+01   2.0100049e+01
   2.6214468e+01   2.0255028e+01
   2.6883658e+01   2.0405703e+01
   2.7533585e+01   2.0552074e+01
   2.8164249e+01   2.0694140e+01
   2.8775651e+01   2.0831903e+01
   2.9367790e+01   2.0965361e+01
   2.9940666e+01   2.1094515e+01
   2.9940666e+01   2.1094515e+01
   3.0504936e+01   2.1237093e+01
   3.1071255e+01   2.1410820e+01
   3.1639624e+01   2.1615698e+01
   3.2210042e+01   2.1851726e+01
   3.2782510e+01   2.2118904e+01
   3.3357027e+01   2.2417233e+01
   3.3933593e+01   2.2746712e+01
   3.4512209e+01   2.3107341e+01
   3.5092875e+01   2.3499120e+01
   3.5675590e+01   2.3922050e+01
   3.5675590e+01   2.3922050e+01
   3.6258799e+01   2.4349075e+01
   3.6840945e+01   2.4753143e+01
   3.7422029e+01   2.5134252e+01
   3.8002051e+01   2.5492403e+01
   3.8581010e+01   2.5827596e+01
   3.9158907e+01   2.6139831e+01
   3.9735742e+01   2.6429108e+01
   4.0311514e+01   2.6695426e+01
   4.0886224e+01   2.6938787e+01
   4.1459871e+01   2.7159189e+01
   4.1459871e+01   2.7159189e+01
   4.2038972e+01   2.7370379e+01
   4.2630043e+01   2.7586105e+01
   4.3233084e+01   2.7806365e+01
   4.3848094e+01   2.8031159e+01
   4.4475074e+01   2.8260489e+01
   4.5114023e+01   2.8494353e+01
   4.5764942e+01   2.8732752e+01
   4.6427831e+01   2.8975686e+01
   4.7102690e+01   2.9223155e+01
   4.7789518e+01   2.9475158e+01
   4.7789518e+01   2.9475158e+01
   4.8466437e+01   2.9733254e+01
   4.9111570e+01   2.9999001e+01
   4.9724916e+01   3.0272400e+01
   5.0306476e+01   3.0553449e+01
   5.0856248e+01   3.0842149e+01
   5.1374234e+01   3.1138500e+01
   5.1860434e+01   3.1442502e+01
   5.2314846e+01   3.1754155e+01
   5.2737472e+01   3.2073459e+01
   5.3128311e+01   3.2400414e+01
   5.3128311e+01   3.2400414e+01
   5.3522042e+01   3.2734023e+01
   5.3953344e+01   3.3073289e+01
   5.4422215e+01   3.3418213e+01
   5.4928657e+01   3.3768793e+01
   5.5472670e+01   3.4125032e+01
   5.6054253e+01   3.4486927e+01
   5.6673406e+01   3.4854480e+01
   5.7330130e+01   3.5227690e+01
   5.8024424e+01   3.5606557e+01
   5.8756288e+01   3.5991082e+01
   5.8756288e+01   3.5991082e+01
   5.9493042e+01   3.6369246e+01
   6.0202006e+01   3.6729032e+01
   6.0883180e+01   3.7070440e+01
   6.1536563e+01   3.7393469e+01
   6.2162156e+01   3.7698121e+01
   6.2759958e+01   3.7984395e+01
   6.3329970e+01   3.8252290e+01
   6.3872192e+01   3.8501807e+01
   6.4386623e+01   3.8732946e+01
   6.4873264e+01   3.8945707e+01
   6.4873264e+01   3.8945707e+01
   6.5342769e+01   3.9176570e+01
   6.5805793e+01   3.9462017e+01
   6.6262335e+01   3.9802046e+01
   6.6712396e+01   4.0196659e+01
   6.7155976e+01   4.0645855e+01
   6.7593074e+01   4.1149634e+01
   6.8023691e+01   4.1707997e+01
   6.8447827e+01   4.2320942e+01
   6.8865481e+01   4.2988471e+01
   6.9276654e+01   4.3710583e+01
   6.9276654e+01   4.3710583e+01
   6.9676180e+01   4.4444453e+01
   7.0058893e+01   4.5147257e+01
   7.0424793e+01   4.5818995e+01
   7.0773880e+01   4.6459667e+01
   7.1106154e+01   4.7069273e+01
   7.1421615e+01   4.7647812e+01
   7.1720264e+01   4.8195286e+01
   7.2002099e+01   4.8711693e+01
   7.2267122e+01   4.9197034e+01
   7.2515331e+01   4.9651309e+01
   7.2515331e+01   4.9651309e+01
   7.2747511e+01   5.0109189e+01
   7.2964445e+01   5.0605347e+01
   7.3166131e+01   5.1139782e+01
   7.3352572e+01   5.1712494e+01
   7.3523765e+01   5.2323483e+01
   7.3679712e+01   5.2972749e+01
   7.3820413e+01   5.3660292e+01
   7.3945866e+01   5.4386113e+01
   7.4056074e+01   5.5150211e+01
   7.4151034e+01   5.5952585e+01
   7.4151034e+01   5.5952585e+01
   7.4236779e+01   5.6758688e+01
   7.4319339e+01   5.7533971e+01
   7.4398715e+01   5.8278432e+01
   7.4474905e+01   5.8992072e+01
   7.4547911e+01   5.9674892e+01
   7.4617732e+01   6.0326890e+01
   7.4684368e+01   6.0948068e+01
   7.4747820e+01   6.1538425e+01
   7.4808086e+01   6.2097961e+01
   7.4865168e+01   6.2626676e+01
   7.4865168e+01   6.2626676e+01
   7.4927729e+01   6.3152927e+01
   7.5004435e+01   6.3705072e+01
   7.5095284e+01   6.4283110e+01
   7.5200278e+01   6.4887042e+01
   7.5319415e+01   6.5516866e+01
   7.5452696e+01   6.6172584e+01
   7.5600122e+01   6.6854196e+01
   7.5761691e+01   6.7561700e+01
   7.5937404e+01   6.8295098e+01
   7.6127262e+01   6.9054390e+01
   7.6127262e+01   6.9054390e+01
   7.6334224e+01   6.9803175e+01
   7.6561254e+01   7.0505054e+01
   7.6808350e+01   7.1160027e+01
   7.7075513e+01   7.1768094e+01
   7.7362743e+01   7.2329255e+01
   7.7670039e+01   7.2843510e+01
   7.7997402e+01   7.3310859e+01
   7.8344832e+01   7.3731302e+01
   7.8712328e+01   7.4104839e+01
   7.9099892e+01   7.4431470e+01
   7.9099892e+01   7.4431470e+01
   7.9477346e+01   7.4763098e+01
   7.9814516e+01   7.5151627e+01
   8.0111402e+01   7.5597056e+01
   8.0368003e+01   7.6099386e+01
   8.0584319e+01   7.6658616e+01
   8.0760352e+01   7.7274747e+01
   8.0896099e+01   7.7947779e+01
   8.0991562e+01   7.8677711e+01
   8.1046741e+01   7.9464543e+01
   8.1061636e+01   8.0308276e+01
   8.1061636e+01   8.0308276e+01
   8.1054718e+01   8.1163115e+01
   8.1044461e+01   8.1983264e+01
   8.1030865e+01   8.2768723e+01
   8.1013929e+01   8.3519492e+01
   8.0993654e+01   8.4235572e+01
   8.0970039e+01   8.4916962e+01
   8.0943086e+01   8.5563662e+01
   8.0912792e+01   8.6175673e+01
   8.0879160e+01   8.6752994e+01
   8.0842188e+01   8.7295625e+01
   8.0842188e+01   8.7295625e+01
   8.0832463e+01   8.7826185e+01
   8.0880571e+01   8.8367290e+01
   8.0986514e+01   8.8918942e+01
   8.1150289e+01   8.9481139e+01
   8.1371899e+01   9.0053883e+01
   8.1651342e+01   9.0637172e+01
   8.1988618e+01   9.1231007e+01
   8.2383729e+01   9.1835389e+01
   8.2836672e+01   9.2450316e+01
   8.3347450e+01   9.3075790e+01
   8.3347450e+01   9.3075790e+01
   8.3885993e+01   9.3682576e+01
   8.4422234e+01   9.4242623e+01
   8.4956172e+01   9.4755931e+01
   8.5487808e+01   9.5222499e+01
   8.6017142e+01   9.5642328e+01
   8.6544174e+01   9.6015417e+01
   8.7068903e+01   9.6341767e+01
   8.7591330e+01   9.6621378e+01
   8.8111455e+01   9.6854249e+01
   8.8629278e+01   9.7040380e+01
   8.8629278e+01   9.7040380e+01
   8.9144079e+01   9.7202864e+01
   8.9655139e+01   9.7364791e+01
   9.0162458e+01   9.7526162e+01
   9.0666036e+01   9.7686977e+01
   9.1165873e+01   9.7847236e+01
   9.1661969e+01   9.8006938e+01
   9.2154325e+01   9.8166084e+01
   9.2642939e+01   9.8324674e+01
   9.3127812e+01   9.8482708e+01
   9.3608945e+01   9.8640185e+01
   9.3608945e+01   9.8640185e+01
   9.4104103e+01   9.8795262e+01
   9.4631054e+01   9.8946096e+01
   9.5189798e+01   9.9092686e+01
   9.5780335e+01   9.9235033e+01
   9.6402665e+01   9.9373137e+01
   9.7056788e+01   9.9506996e+01
   9.7742703e+01   9.9636612e+01
   9.8460411e+01   9.9761985e+01
   9.9209913e+01   9.9883114e+01
   9.9991207e+01   1.0000000e+02
