   0.0000000e+00   0.0000000e+00
   5.9368278e-01   6.0777759e-01
   1.1747311e+00   1.2311104e+00
   1.7431450e+00   1.8699983e+00
   2.2989245e+00   2.5244414e+00
   2.8420695e+00   3.1944398e+00
   3.3725801e+00   3.8799932e+00
   3.8904562e+00   4.5811019e+00
   4.3956979e+00   5.2977658e+00
   4.8883051e+00   6.0299848e+00
   5.3682779e+00   6.7777590e+00
   5.3682779e+00   6.7777590e+00
   5.8676552e+00   7.5597182e+00
   6.4184759e+00   8.3944920e+00
   7.0207399e+00   9.2820806e+00
   7.6744474e+00   1.0222484e+01
   8.3795982e+00   1.1215702e+01
   9.1361924e+00   1.2261734e+01
   9.9442300e+00   1.3360582e+01
   1.0803711e+01   1.4512244e+01
   1.1714635e+01   1.5716721e+01
   1.2677003e+01   1.6974012e+01
   1.2677003e+01   1.6974012e+01
   1.3637600e+01   1.8236805e+01
   1.4543211e+01   1.9457785e+01
   1.5393837e+01   2.0636952e+01
   1.6189478e+01   2.1774307e+01
   1.6930134e+01   2.2869849e+01
   1.7615804e+01   2.3923579e+01
   1.8246489e+01   2.4935496e+01
   1.8822188e+01   2.5905601e+01
   1.9342902e+01   2.6833893e+01
   1.9808631e+01   2.7720373e+01
   1.9808631e+01   2.7720373e+01
   2.0299353e+01   2.8576470e+01
   2.0895047e+01   2.9413617e+01
   2.1595712e+01   3.0231812e+01
   2.2401348e+01   3.1031057e+01
   2.3311956e+01   3.1811350e+01
   2.4327536e+01   3.2572692e+01
   2.5448087e+01   3.3315083e+01
   2.6673610e+01   3.4038522e+01
   2.8004104e+01   3.4743011e+01
   2.9439570e+01   3.5428548e+01
   2.9439570e+01   3.5428548e+01
   3.0898939e+01   3.6075797e+01
   3.2301143e+01   3.6665421e+01
   3.3646184e+01   3.7197420e+01
   3.4934059e+01   3.7671794e+01
   3.6164770e+01   3.8088542e+01
   3.7338317e+01   3.8447665e+01
   3.8454699e+01   3.8749163e+01
   3.9513916e+01   3.8993036e+01
   4.0515969e+01   3.9179283e+01
   4.1460858e+01   3.9307905e+01
   4.1460858e+01   3.9307905e+01
   4.2403369e+01   3.9440098e+01
   4.3398289e+01   3.9637057e+01
   4.4445618e+01   3.9898781e+01
   4.5545357e+01   4.0225272e+01
   4.6697506e+01   4.0616529e+01
   4.7902063e+01   4.1072552e+01
   4.9159031e+01   4.1593340e+01
   5.0468407e+01   4.2178895e+01
   5.1830193e+01   4.2829216e+01
   5.3244388e+01   4.3544303e+01
   5.3244388e+01   4.3544303e+01
   5.4652176e+01   4.4276565e+01
   5.5994740e+01   4.4978412e+01
   5.7272079e+01   4.5649843e+01
   5.8484195e+01   4.6290859e+01
   5.9631087e+01   4.6901459e+01
   6.0712754e+01   4.7481644e+01
   6.1729198e+01   4.8031413e+01
   6.2680417e+01   4.8550768e+01
   6.3566412e+01   4.9039706e+01
   6.4387184e+01   4.9498229e+01
   6.4387184e+01   4.9498229e+01
   6.5194405e+01   4.9975814e+01
   6.6039751e+01   5.0521939e+01
   6.6923222e+01   5.1136603e+01
   6.7844817e+01   5.1819806e+01
   6.8804536e+01   5.2571549e+01
   6.9802380e+01   5.3391831e+01
   7.0838348e+01   5.4280653e+01
   7.1912441e+01   5.5238014e+01
   7.3024658e+01   5.6263915e+01
   7.4174999e+01   5.7358355e+01
   7.4174999e+01   5.7358355e+01
   7.5314110e+01   5.8465864e+01
   7.6392635e+01   5.9530973e+01
   7.7410574e+01   6.0553682e+01
   7.8367927e+01   6.1533990e+01
   7.9264694e+01   6.2471897e+01
   8.0100876e+01   6.3367404e+01
   8.0876471e+01   6.4220510e+01
   8.1591481e+01   6.5031216e+01
   8.2245905e+01   6.5799521e+01
   8.2839743e+01   6.6525425e+01
   8.2839743e+01   6.6525425e+01
   8.3413039e+01   6.7266554e+01
   8.4005836e+01   6.8080532e+01
   8.4618134e+01   6.8967359e+01
   8.5249935e+01   6.9927035e+01
   8.5901236e+01   7.0959560e+01
   8.6572039e+01   7.2064935e+01
   8.7262344e+01   7.3243158e+01
   8.7972150e+01   7.4494231e+01
   8.8701458e+01   7.5818152e+01
   8.9450267e+01   7.7214923e+01
   8.9450267e+01   7.7214923e+01
   9.0187660e+01   7.8617789e+01
   9.0882720e+01   7.9959997e+01
   9.1535448e+01   8.1241548e+01
   9.2145843e+01   8.2462441e+01
   9.2713904e+01   8.3622675e+01
   9.3239633e+01   8.4722252e+01
   9.3723029e+01   8.5761171e+01
   9.4164093e+01   8.6739433e+01
   9.4562823e+01   8.7657036e+01
   9.4919220e+01   8.8513981e+01
   9.4919220e+01   8.8513981e+01
   9.5271736e+01   8.9372797e+01
   9.5658821e+01   9.0296009e+01
   9.6080476e+01   9.1283618e+01
   9.6536700e+01   9.2335624e+01
   9.7027493e+01   9.3452028e+01
   9.7552855e+01   9.4632828e+01
   9.8112787e+01   9.5878025e+01
   9.8707289e+01   9.7187620e+01
   9.9336360e+01   9.8561611e+01
   1.0000000e+02   1.0000000e+02
