   0.0000000e+00   0.0000000e+00
   6.7227396e-01   6.0899725e-01
   1.4890958e+00   1.2359890e+00
   2.4504656e+00   1.8809752e+00
   3.5563834e+00   2.5439560e+00
   4.8068490e+00   3.2249312e+00
   6.2018626e+00   3.9239009e+00
   7.7414240e+00   4.6408652e+00
   9.4255334e+00   5.3758239e+00
   1.1254191e+01   6.1287771e+00
   1.3227396e+01   6.8997248e+00
   1.3227396e+01   6.8997248e+00
   1.5181861e+01   7.6914057e+00
   1.6954299e+01   8.5065585e+00
   1.8544708e+01   9.3451831e+00
   1.9953090e+01   1.0207280e+01
   2.1179444e+01   1.1092848e+01
   2.2223770e+01   1.2001888e+01
   2.3086069e+01   1.2934400e+01
   2.3766339e+01   1.3890384e+01
   2.4264582e+01   1.4869840e+01
   2.4580797e+01   1.5872768e+01
   2.4580797e+01   1.5872768e+01
   2.4842957e+01   1.6923174e+01
   2.5179035e+01   1.8045066e+01
   2.5589032e+01   1.9238444e+01
   2.6072946e+01   2.0503308e+01
   2.6630779e+01   2.1839658e+01
   2.7262530e+01   2.3247494e+01
   2.7968198e+01   2.4726815e+01
   2.8747786e+01   2.6277622e+01
   2.9601291e+01   2.7899915e+01
   3.0528714e+01   2.9593694e+01
   3.0528714e+01   2.9593694e+01
   3.1472946e+01   3.1279382e+01
   3.2376878e+01   3.2877402e+01
   3.3240509e+01   3.4387755e+01
   3.4063840e+01   3.5810439e+01
   3.4846871e+01   3.7145456e+01
   3.5589601e+01   3.8392805e+01
   3.6292030e+01   3.9552486e+01
   3.6954160e+01   4.0624500e+01
   3.7575988e+01   4.1608846e+01
   3.8157517e+01   4.2505524e+01
   3.8157517e+01   4.2505524e+01
   3.8744837e+01   4.3398633e+01
   3.9384042e+01   4.4372274e+01
   4.0075132e+01   4.5426446e+01
   4.0818107e+01   4.6561150e+01
   4.1612966e+01   4.7776384e+01
   4.2459710e+01   4.9072150e+01
   4.3358339e+01   5.0448447e+01
   4.4308853e+01   5.1905276e+01
   4.5311251e+01   5.3442635e+01
   4.6365534e+01   5.5060526e+01
   4.6365534e+01   5.5060526e+01
   4.7424220e+01   5.6675347e+01
   4.8439826e+01   5.8203499e+01
   4.9412352e+01   5.9644981e+01
   5.0341799e+01   6.0999792e+01
   5.1228166e+01   6.2267934e+01
   5.2071453e+01   6.3449406e+01
   5.2871661e+01   6.4544208e+01
   5.3628789e+01   6.5552340e+01
   5.4342837e+01   6.6473802e+01
   5.5013806e+01   6.7308594e+01
   5.5013806e+01   6.7308594e+01
   5.5726469e+01   6.8095901e+01
   5.6565600e+01   6.8874909e+01
   5.7531200e+01   6.9645617e+01
   5.8623268e+01   7.0408026e+01
   5.9841804e+01   7.1162135e+01
   6.1186809e+01   7.1907944e+01
   6.2658282e+01   7.2645454e+01
   6.4256224e+01   7.3374665e+01
   6.5980634e+01   7.4095575e+01
   6.7831513e+01   7.4808187e+01
   6.7831513e+01   7.4808187e+01
   6.9681173e+01   7.5508245e+01
   7.1401931e+01   7.6191497e+01
   7.2993785e+01   7.6857943e+01
   7.4456736e+01   7.7507583e+01
   7.5790783e+01   7.8140417e+01
   7.6995927e+01   7.8756444e+01
   7.8072168e+01   7.9355666e+01
   7.9019505e+01   7.9938081e+01
   7.9837938e+01   8.0503690e+01
   8.0527469e+01   8.1052493e+01
   8.0527469e+01   8.1052493e+01
   8.1188368e+01   8.1632967e+01
   8.1920907e+01   8.2293591e+01
   8.2725088e+01   8.3034364e+01
   8.3600909e+01   8.3855287e+01
   8.4548370e+01   8.4756359e+01
   8.5567473e+01   8.5737581e+01
   8.6658216e+01   8.6798952e+01
   8.7820599e+01   8.7940472e+01
   8.9054624e+01   8.9162142e+01
   9.0360289e+01   9.0463961e+01
   9.0360289e+01   9.0463961e+01
   9.1664023e+01   9.1767026e+01
   9.2892254e+01   9.2992432e+01
   9.4044982e+01   9.4140181e+01
   9.5122207e+01   9.5210272e+01
   9.6123930e+01   9.6202705e+01
   9.7050150e+01   9.7117480e+01
   9.7900867e+01   9.7954597e+01
   9.8676081e+01   9.8714056e+01
   9.9375792e+01   9.9395857e+01
   1.0000000e+02   1.0000000e+02
