   0.0000000e+00   0.0000000e+00
   0.0000000e+00   0.0000000e+00
   5.9292745e-01   5.7996655e-01
   1.1717098e+00   1.1198662e+00
   1.7363470e+00   1.6196990e+00
   2.2868392e+00   2.0794648e+00
   2.8231862e+00   2.4991638e+00
   3.3453881e+00   2.8787958e+00
   3.8534449e+00   3.2183610e+00
   4.3473567e+00   3.5178593e+00
   4.8271233e+00   3.7772906e+00
   5.2927448e+00   3.9966551e+00
   5.2927448e+00   3.9966551e+00
   5.6850570e+00   4.2222861e+00
   5.9448956e+00   4.5005172e+00
   6.0722606e+00   4.8313483e+00
   6.0671521e+00   5.2147794e+00
   5.9295701e+00   5.6508106e+00
   5.6595145e+00   6.1394418e+00
   5.2569853e+00   6.6806730e+00
   4.7219826e+00   7.2745043e+00
   4.0545064e+00   7.9209356e+00
   3.2545566e+00   8.6199669e+00
   3.2545566e+00   8.6199669e+00
   2.4841539e+00   9.3570422e+00
   1.9053190e+00   1.0117605e+01
   1.5180519e+00   1.0901657e+01
   1.3223526e+00   1.1709196e+01
   1.3182212e+00   1.2540223e+01
   1.5056575e+00   1.3394738e+01
   1.8846616e+00   1.4272741e+01
   2.4552336e+00   1.5174231e+01
   3.2173734e+00   1.6099210e+01
   4.1710809e+00   1.7047677e+01
   4.1710809e+00   1.7047677e+01
   5.1956601e+00   1.7970589e+01
   6.1704147e+00   1.8818906e+01
   7.0953448e+00   1.9592627e+01
   7.9704503e+00   2.0291753e+01
   8.7957311e+00   2.0916282e+01
   9.5711875e+00   2.1466216e+01
   1.0296819e+01   2.1941553e+01
   1.0972626e+01   2.2342295e+01
   1.1598609e+01   2.2668442e+01
   1.2174767e+01   2.2919992e+01
   1.2174767e+01   2.2919992e+01
   1.2706909e+01   2.3147761e+01
   1.3200843e+01   2.3402561e+01
   1.3656568e+01   2.3684395e+01
   1.4074086e+01   2.3993260e+01
   1.4453396e+01   2.4329158e+01
   1.4794498e+01   2.4692088e+01
   1.5097392e+01   2.5082051e+01
   1.5362078e+01   2.5499045e+01
   1.5588556e+01   2.5943073e+01
   1.5776826e+01   2.6414132e+01
   1.5776826e+01   2.6414132e+01
   1.5945874e+01   2.6912334e+01
   1.6114684e+01   2.7437789e+01
   1.6283256e+01   2.7990496e+01
   1.6451590e+01   2.8570457e+01
   1.6619687e+01   2.9177670e+01
   1.6787546e+01   2.9812136e+01
   1.6955168e+01   3.0473855e+01
   1.7122552e+01   3.1162827e+01
   1.7289699e+01   3.1879052e+01
   1.7456607e+01   3.2622529e+01
   1.7456607e+01   3.2622529e+01
   1.7686458e+01   3.3316598e+01
   1.8042431e+01   3.3884595e+01
   1.8524525e+01   3.4326520e+01
   1.9132740e+01   3.4642374e+01
   1.9867078e+01   3.4832157e+01
   2.0727537e+01   3.4895868e+01
   2.1714117e+01   3.4833508e+01
   2.2826819e+01   3.4645077e+01
   2.4065643e+01   3.4330574e+01
   2.5430588e+01   3.3890000e+01
   2.5430588e+01   3.3890000e+01
   2.6777261e+01   3.3464870e+01
   2.7961268e+01   3.3196701e+01
   2.8982609e+01   3.3085491e+01
   2.9841283e+01   3.3131242e+01
   3.0537291e+01   3.3333953e+01
   3.1070633e+01   3.3693624e+01
   3.1441309e+01   3.4210255e+01
   3.1649318e+01   3.4883847e+01
   3.1694662e+01   3.5714399e+01
   3.1577339e+01   3.6701911e+01
   3.1577339e+01   3.6701911e+01
   3.1404374e+01   3.7739080e+01
   3.1282794e+01   3.8718604e+01
   3.1212597e+01   3.9640483e+01
   3.1193783e+01   4.0504717e+01
   3.1226353e+01   4.1311305e+01
   3.1310307e+01   4.2060248e+01
   3.1445644e+01   4.2751546e+01
   3.1632365e+01   4.3385199e+01
   3.1870470e+01   4.3961207e+01
   3.2159958e+01   4.4479569e+01
   3.2159958e+01   4.4479569e+01
   3.2476167e+01   4.4970024e+01
   3.2794434e+01   4.5462309e+01
   3.3114758e+01   4.5956425e+01
   3.3437141e+01   4.6452371e+01
   3.3761582e+01   4.6950147e+01
   3.4088080e+01   4.7449754e+01
   3.4416637e+01   4.7951191e+01
   3.4747252e+01   4.8454458e+01
   3.5079924e+01   4.8959556e+01
   3.5414654e+01   4.9466484e+01
   3.5414654e+01   4.9466484e+01
   3.5737325e+01   4.9975191e+01
   3.6033818e+01   5.0485626e+01
   3.6304134e+01   5.0997787e+01
   3.6548272e+01   5.1511676e+01
   3.6766233e+01   5.2027291e+01
   3.6958016e+01   5.2544634e+01
   3.7123622e+01   5.3063704e+01
   3.7263050e+01   5.3584501e+01
   3.7376301e+01   5.4107026e+01
   3.7463374e+01   5.4631277e+01
   3.7463374e+01   5.4631277e+01
   3.7539108e+01   5.5212365e+01
   3.7646496e+01   5.5881049e+01
   3.7785537e+01   5.6637330e+01
   3.7956230e+01   5.7481207e+01
   3.8158577e+01   5.8412681e+01
   3.8392576e+01   5.9431752e+01
   3.8658229e+01   6.0538419e+01
   3.8955534e+01   6.1732683e+01
   3.9284492e+01   6.3014544e+01
   3.9645104e+01   6.4384002e+01
   3.9645104e+01   6.4384002e+01
   4.0039036e+01   6.5738971e+01
   4.0467956e+01   6.6986112e+01
   4.0931865e+01   6.8125423e+01
   4.1430763e+01   6.9156906e+01
   4.1964649e+01   7.0080561e+01
   4.2533523e+01   7.0896386e+01
   4.3137386e+01   7.1604383e+01
   4.3776238e+01   7.2204551e+01
   4.4450078e+01   7.2696890e+01
   4.5158906e+01   7.3081400e+01
   4.5158906e+01   7.3081400e+01
   4.5893618e+01   7.3436866e+01
   4.6645106e+01   7.3842073e+01
   4.7413372e+01   7.4297019e+01
   4.8198415e+01   7.4801706e+01
   4.9000236e+01   7.5356134e+01
   4.9818833e+01   7.5960301e+01
   5.0654208e+01   7.6614209e+01
   5.1506360e+01   7.7317857e+01
   5.2375289e+01   7.8071246e+01
   5.3260995e+01   7.8874375e+01
   5.3260995e+01   7.8874375e+01
   5.4148844e+01   7.9673811e+01
   5.5024202e+01   8.0416125e+01
   5.5887069e+01   8.1101314e+01
   5.6737444e+01   8.1729379e+01
   5.7575328e+01   8.2300320e+01
   5.8400720e+01   8.2814138e+01
   5.9213621e+01   8.3270831e+01
   6.0014031e+01   8.3670401e+01
   6.0801950e+01   8.4012846e+01
   6.1577377e+01   8.4298168e+01
   6.1577377e+01   8.4298168e+01
   6.2366353e+01   8.4554485e+01
   6.3194918e+01   8.4809916e+01
   6.4063073e+01   8.5064461e+01
   6.4970817e+01   8.5318120e+01
   6.5918151e+01   8.5570894e+01
   6.6905074e+01   8.5822782e+01
   6.7931586e+01   8.6073783e+01
   6.8997687e+01   8.6323899e+01
   7.0103378e+01   8.6573129e+01
   7.1248658e+01   8.6821474e+01
   7.1248658e+01   8.6821474e+01
   7.2394428e+01   8.7068001e+01
   7.3501587e+01   8.7311779e+01
   7.4570136e+01   8.7552809e+01
   7.5600074e+01   8.7791090e+01
   7.6591402e+01   8.8026623e+01
   7.7544119e+01   8.8259406e+01
   7.8458226e+01   8.8489442e+01
   7.9333722e+01   8.8716728e+01
   8.0170608e+01   8.8941266e+01
   8.0968884e+01   8.9163056e+01
   8.0968884e+01   8.9163056e+01
   8.1733873e+01   8.9371170e+01
   8.2470899e+01   8.9554681e+01
   8.3179963e+01   8.9713589e+01
   8.3861064e+01   8.9847896e+01
   8.4514202e+01   8.9957599e+01
   8.5139378e+01   9.0042700e+01
   8.5736591e+01   9.0103199e+01
   8.6305841e+01   9.0139095e+01
   8.6847129e+01   9.0150389e+01
   8.7360454e+01   9.0137080e+01
   8.7360454e+01   9.0137080e+01
   8.7875251e+01   9.0155612e+01
   8.8420958e+01   9.0262429e+01
   8.8997572e+01   9.0457531e+01
   8.9605095e+01   9.0740918e+01
   9.0243527e+01   9.1112591e+01
   9.0912866e+01   9.1572548e+01
   9.1613114e+01   9.2120790e+01
   9.2344271e+01   9.2757317e+01
   9.3106336e+01   9.3482130e+01
   9.3899309e+01   9.4295227e+01
   9.3899309e+01   9.4295227e+01
   9.4687900e+01   9.5123790e+01
   9.5436820e+01   9.5895001e+01
   9.6146068e+01   9.6608860e+01
   9.6815645e+01   9.7265366e+01
   9.7445550e+01   9.7864520e+01
   9.8035783e+01   9.8406321e+01
   9.8586345e+01   9.8890769e+01
   9.9097235e+01   9.9317865e+01
   9.9568453e+01   9.9687609e+01
   1.0000000e+02   1.0000000e+02
