   0.0000000e+00   0.0000000e+00
   0.0000000e+00   0.0000000e+00
   5.9379664e-01   5.7767757e-01
   1.1751865e+00   1.1107103e+00
   1.7441697e+00   1.5990982e+00
   2.3007462e+00   2.0428412e+00
   2.8449159e+00   2.4419393e+00
   3.3766789e+00   2.7963926e+00
   3.8960351e+00   3.1062011e+00
   4.4029847e+00   3.3713647e+00
   4.8975275e+00   3.5918834e+00
   5.3796635e+00   3.7677573e+00
   5.3796635e+00   3.7677573e+00
   5.8649995e+00   3.9534398e+00
   6.3691420e+00   4.2033846e+00
   6.8920910e+00   4.5175915e+00
   7.4338466e+00   4.8960607e+00
   7.9944087e+00   5.3387920e+00
   8.5737773e+00   5.8457855e+00
   9.1719525e+00   6.4170413e+00
   9.7889342e+00   7.0525592e+00
   1.0424722e+01   7.7523393e+00
   1.1079317e+01   8.5163816e+00
   1.1079317e+01   8.5163816e+00
   1.1798738e+01   9.2922927e+00
   1.2548790e+01   1.0017234e+01
   1.3329474e+01   1.0691207e+01
   1.4140789e+01   1.1314209e+01
   1.4982735e+01   1.1886243e+01
   1.5855313e+01   1.2407307e+01
   1.6758523e+01   1.2877402e+01
   1.7692364e+01   1.3296527e+01
   1.8656836e+01   1.3664683e+01
   1.9651940e+01   1.3981870e+01
   1.9651940e+01   1.3981870e+01
   2.0637907e+01   1.4304602e+01
   2.1574968e+01   1.4689395e+01
   2.2463123e+01   1.5136250e+01
   2.3302372e+01   1.5645166e+01
   2.4092715e+01   1.6216143e+01
   2.4834152e+01   1.6849181e+01
   2.5526683e+01   1.7544280e+01
   2.6170308e+01   1.8301440e+01
   2.6765028e+01   1.9120662e+01
   2.7310841e+01   2.0001944e+01
   2.7310841e+01   2.0001944e+01
   2.7812014e+01   2.0901352e+01
   2.8272811e+01   2.1774948e+01
   2.8693232e+01   2.2622734e+01
   2.9073277e+01   2.3444709e+01
   2.9412946e+01   2.4240873e+01
   2.9712239e+01   2.5011226e+01
   2.9971156e+01   2.5755768e+01
   3.0189698e+01   2.6474499e+01
   3.0367863e+01   2.7167419e+01
   3.0505653e+01   2.7834528e+01
   3.0505653e+01   2.7834528e+01
   3.0643735e+01   2.8485056e+01
   3.0822780e+01   2.9128233e+01
   3.1042786e+01   2.9764058e+01
   3.1303754e+01   3.0392533e+01
   3.1605683e+01   3.1013657e+01
   3.1948575e+01   3.1627429e+01
   3.2332428e+01   3.2233850e+01
   3.2757243e+01   3.2832920e+01
   3.3223020e+01   3.3424639e+01
   3.3729759e+01   3.4009007e+01
   3.3729759e+01   3.4009007e+01
   3.4194726e+01   3.4586601e+01
   3.4535189e+01   3.5157997e+01
   3.4751147e+01   3.5723196e+01
   3.4842600e+01   3.6282198e+01
   3.4809549e+01   3.6835003e+01
   3.4651994e+01   3.7381610e+01
   3.4369934e+01   3.7922020e+01
   3.3963369e+01   3.8456233e+01
   3.3432300e+01   3.8984249e+01
   3.2776726e+01   3.9506067e+01
   3.2776726e+01   3.9506067e+01
   3.2140776e+01   4.0023910e+01
   3.1668577e+01   4.0539998e+01
   3.1360129e+01   4.1054332e+01
   3.1215432e+01   4.1566912e+01
   3.1234487e+01   4.2077737e+01
   3.1417293e+01   4.2586808e+01
   3.1763850e+01   4.3094125e+01
   3.2274158e+01   4.3599687e+01
   3.2948218e+01   4.4103495e+01
   3.3786028e+01   4.4605548e+01
   3.3786028e+01   4.4605548e+01
   3.4634310e+01   4.5102989e+01
   3.5339781e+01   4.5592958e+01
   3.5902441e+01   4.6075454e+01
   3.6322291e+01   4.6550480e+01
   3.6599331e+01   4.7018033e+01
   3.6733561e+01   4.7478115e+01
   3.6724980e+01   4.7930725e+01
   3.6573589e+01   4.8375863e+01
   3.6279387e+01   4.8813529e+01
   3.5842375e+01   4.9243723e+01
   3.5842375e+01   4.9243723e+01
   3.5361800e+01   4.9676317e+01
   3.4936911e+01   5.0121181e+01
   3.4567706e+01   5.0578314e+01
   3.4254187e+01   5.1047717e+01
   3.3996353e+01   5.1529391e+01
   3.3794203e+01   5.2023334e+01
   3.3647739e+01   5.2529547e+01
   3.3556960e+01   5.3048030e+01
   3.3521866e+01   5.3578783e+01
   3.3542457e+01   5.4121806e+01
   3.3542457e+01   5.4121806e+01
   3.3651483e+01   5.4668536e+01
   3.3881694e+01   5.5210409e+01
   3.4233089e+01   5.5747425e+01
   3.4705670e+01   5.6279584e+01
   3.5299436e+01   5.6806887e+01
   3.6014387e+01   5.7329333e+01
   3.6850523e+01   5.7846922e+01
   3.7807844e+01   5.8359655e+01
   3.8886349e+01   5.8867531e+01
   4.0086040e+01   5.9370550e+01
   4.0086040e+01   5.9370550e+01
   4.1315140e+01   5.9852870e+01
   4.2481873e+01   6.0298647e+01
   4.3586240e+01   6.0707882e+01
   4.4628239e+01   6.1080575e+01
   4.5607872e+01   6.1416725e+01
   4.6525139e+01   6.1716333e+01
   4.7380038e+01   6.1979398e+01
   4.8172571e+01   6.2205921e+01
   4.8902737e+01   6.2395902e+01
   4.9570537e+01   6.2549340e+01
   4.9570537e+01   6.2549340e+01
   5.0227179e+01   6.2766136e+01
   5.0938253e+01   6.3042996e+01
   5.1703757e+01   6.3379921e+01
   5.2523693e+01   6.3776910e+01
   5.3398060e+01   6.4233963e+01
   5.4326858e+01   6.4751081e+01
   5.5310087e+01   6.5328263e+01
   5.6347747e+01   6.5965509e+01
   5.7439839e+01   6.6662820e+01
   5.8586361e+01   6.7420195e+01
   5.8586361e+01   6.7420195e+01
   5.9724336e+01   6.8186640e+01
   6.0790783e+01   6.8911160e+01
   6.1785702e+01   6.9593756e+01
   6.2709094e+01   7.0234427e+01
   6.3560959e+01   7.0833174e+01
   6.4341297e+01   7.1389996e+01
   6.5050107e+01   7.1904894e+01
   6.5687390e+01   7.2377867e+01
   6.6253146e+01   7.2808916e+01
   6.6747374e+01   7.3198040e+01
   6.6747374e+01   7.3198040e+01
   6.7208791e+01   7.3568672e+01
   6.7676115e+01   7.3944247e+01
   6.8149345e+01   7.4324763e+01
   6.8628481e+01   7.4710221e+01
   6.9113523e+01   7.5100621e+01
   6.9604471e+01   7.5495963e+01
   7.0101325e+01   7.5896246e+01
   7.0604085e+01   7.6301472e+01
   7.1112752e+01   7.6711639e+01
   7.1627324e+01   7.7126748e+01
   7.1627324e+01   7.7126748e+01
   7.2138474e+01   7.7539165e+01
   7.2636875e+01   7.7941255e+01
   7.3122525e+01   7.8333018e+01
   7.3595424e+01   7.8714455e+01
   7.4055574e+01   7.9085566e+01
   7.4502973e+01   7.9446350e+01
   7.4937622e+01   7.9796807e+01
   7.5359521e+01   8.0136938e+01
   7.5768669e+01   8.0466743e+01
   7.6165068e+01   8.0786221e+01
   7.6165068e+01   8.0786221e+01
   7.6555073e+01   8.1100528e+01
   7.6945044e+01   8.1414818e+01
   7.7334979e+01   8.1729092e+01
   7.7724879e+01   8.2043350e+01
   7.8114744e+01   8.2357591e+01
   7.8504574e+01   8.2671816e+01
   7.8894368e+01   8.2986025e+01
   7.9284128e+01   8.3300218e+01
   7.9673852e+01   8.3614394e+01
   8.0063541e+01   8.3928554e+01
   8.0063541e+01   8.3928554e+01
   8.0454977e+01   8.4244126e+01
   8.0849942e+01   8.4562539e+01
   8.1248435e+01   8.4883793e+01
   8.1650456e+01   8.5207888e+01
   8.2056007e+01   8.5534825e+01
   8.2465085e+01   8.5864602e+01
   8.2877693e+01   8.6197220e+01
   8.3293829e+01   8.6532678e+01
   8.3713494e+01   8.6870978e+01
   8.4136687e+01   8.7212119e+01
   8.4136687e+01   8.7212119e+01
   8.4677782e+01   8.7648303e+01
   8.5451152e+01   8.8271732e+01
   8.6456796e+01   8.9082407e+01
   8.7694715e+01   9.0080327e+01
   8.9164909e+01   9.1265493e+01
   9.0867378e+01   9.2637903e+01
   9.2802121e+01   9.4197559e+01
   9.4969140e+01   9.5944461e+01
   9.7368432e+01   9.7878608e+01
   1.0000000e+02   1.0000000e+02
