   0.0000000e+00   0.0000000e+00
   0.0000000e+00   0.0000000e+00
   5.8830730e-01   5.5297280e-01
   1.1532292e+00   1.0118912e+00
   1.6947657e+00   1.3767552e+00
   2.2129169e+00   1.6475648e+00
   2.7076826e+00   1.8243199e+00
   3.1790629e+00   1.9070207e+00
   3.6270579e+00   1.8956671e+00
   4.0516674e+00   1.7902591e+00
   4.4528916e+00   1.5907966e+00
   4.8307304e+00   1.2972798e+00
   4.8307304e+00   1.2972798e+00
   5.2013852e+00   1.0264004e+00
   5.5810578e+00   8.9485038e-01
   5.9697480e+00   9.0262972e-01
   6.3674558e+00   1.0497384e+00
   6.7741813e+00   1.3361764e+00
   7.1899245e+00   1.7619438e+00
   7.6146852e+00   2.3270406e+00
   8.0484637e+00   3.0314667e+00
   8.4912598e+00   3.8752221e+00
   8.9430735e+00   4.8583069e+00
   8.9430735e+00   4.8583069e+00
   9.4378454e+00   5.8737196e+00
   9.9677275e+00   6.8350876e+00
   1.0532720e+01   7.7424111e+00
   1.1132822e+01   8.5956901e+00
   1.1768035e+01   9.3949244e+00
   1.2438358e+01   1.0140114e+01
   1.3143791e+01   1.0831259e+01
   1.3884334e+01   1.1468360e+01
   1.4659987e+01   1.2051416e+01
   1.5470750e+01   1.2580428e+01
   1.5470750e+01   1.2580428e+01
   1.6306353e+01   1.3075213e+01
   1.7156522e+01   1.3555588e+01
   1.8021259e+01   1.4021556e+01
   1.8900564e+01   1.4473114e+01
   1.9794435e+01   1.4910263e+01
   2.0702875e+01   1.5333004e+01
   2.1625881e+01   1.5741335e+01
   2.2563455e+01   1.6135258e+01
   2.3515597e+01   1.6514772e+01
   2.4482305e+01   1.6879877e+01
   2.4482305e+01   1.6879877e+01
   2.5417347e+01   1.7276752e+01
   2.6274486e+01   1.7751579e+01
   2.7053724e+01   1.8304356e+01
   2.7755059e+01   1.8935084e+01
   2.8378493e+01   1.9643762e+01
   2.8924024e+01   2.0430392e+01
   2.9391654e+01   2.1294972e+01
   2.9781381e+01   2.2237502e+01
   3.0093207e+01   2.3257983e+01
   3.0327131e+01   2.4356415e+01
   3.0327131e+01   2.4356415e+01
   3.0525275e+01   2.5467905e+01
   3.0729762e+01   2.6527560e+01
   3.0940593e+01   2.7535381e+01
   3.1157766e+01   2.8491367e+01
   3.1381283e+01   2.9395518e+01
   3.1611143e+01   3.0247834e+01
   3.1847347e+01   3.1048316e+01
   3.2089893e+01   3.1796963e+01
   3.2338783e+01   3.2493776e+01
   3.2594015e+01   3.3138754e+01
   3.2594015e+01   3.3138754e+01
   3.2918638e+01   3.3713818e+01
   3.3375698e+01   3.4200891e+01
   3.3965196e+01   3.4599972e+01
   3.4687130e+01   3.4911061e+01
   3.5541501e+01   3.5134158e+01
   3.6528310e+01   3.5269264e+01
   3.7647555e+01   3.5316378e+01
   3.8899238e+01   3.5275500e+01
   4.0283357e+01   3.5146630e+01
   4.1799914e+01   3.4929768e+01
   4.1799914e+01   3.4929768e+01
   4.3315936e+01   3.4660237e+01
   4.4698448e+01   3.4373357e+01
   4.5947453e+01   3.4069130e+01
   4.7062949e+01   3.3747554e+01
   4.8044937e+01   3.3408631e+01
   4.8893417e+01   3.3052360e+01
   4.9608388e+01   3.2678741e+01
   5.0189851e+01   3.2287774e+01
   5.0637806e+01   3.1879459e+01
   5.0952253e+01   3.1453796e+01
   5.0952253e+01   3.1453796e+01
   5.1266413e+01   3.1080440e+01
   5.1713511e+01   3.0829048e+01
   5.2293544e+01   3.0699619e+01
   5.3006515e+01   3.0692153e+01
   5.3852422e+01   3.0806651e+01
   5.4831266e+01   3.1043111e+01
   5.5943047e+01   3.1401535e+01
   5.7187764e+01   3.1881921e+01
   5.8565418e+01   3.2484271e+01
   6.0076008e+01   3.3208584e+01
   6.0076008e+01   3.3208584e+01
   6.1565503e+01   3.3978841e+01
   6.2879869e+01   3.4719024e+01
   6.4019107e+01   3.5429132e+01
   6.4983215e+01   3.6109165e+01
   6.5772196e+01   3.6759123e+01
   6.6386048e+01   3.7379007e+01
   6.6824771e+01   3.7968816e+01
   6.7088366e+01   3.8528550e+01
   6.7176832e+01   3.9058210e+01
   6.7090169e+01   3.9557795e+01
   6.7090169e+01   3.9557795e+01
   6.7006875e+01   4.0052811e+01
   6.7105444e+01   4.0568765e+01
   6.7385878e+01   4.1105655e+01
   6.7848175e+01   4.1663483e+01
   6.8492337e+01   4.2242249e+01
   6.9318363e+01   4.2841951e+01
   7.0326252e+01   4.3462591e+01
   7.1516006e+01   4.4104168e+01
   7.2887624e+01   4.4766683e+01
   7.4441106e+01   4.5450134e+01
   7.4441106e+01   4.5450134e+01
   7.5995443e+01   4.6133092e+01
   7.7369625e+01   4.6794125e+01
   7.8563653e+01   4.7433232e+01
   7.9577526e+01   4.8050414e+01
   8.0411244e+01   4.8645671e+01
   8.1064808e+01   4.9219002e+01
   8.1538218e+01   4.9770408e+01
   8.1831473e+01   5.0299889e+01
   8.1944573e+01   5.0807445e+01
   8.1877518e+01   5.1293076e+01
   8.1877518e+01   5.1293076e+01
   8.1770735e+01   5.1806372e+01
   8.1764648e+01   5.2396925e+01
   8.1859257e+01   5.3064736e+01
   8.2054563e+01   5.3809803e+01
   8.2350565e+01   5.4632127e+01
   8.2747263e+01   5.5531708e+01
   8.3244657e+01   5.6508546e+01
   8.3842748e+01   5.7562641e+01
   8.4541536e+01   5.8693993e+01
   8.5341019e+01   5.9902602e+01
   8.5341019e+01   5.9902602e+01
   8.6156561e+01   6.1111094e+01
   8.6903525e+01   6.2242094e+01
   8.7581909e+01   6.3295603e+01
   8.8191713e+01   6.4271621e+01
   8.8732939e+01   6.5170148e+01
   8.9205586e+01   6.5991183e+01
   8.9609654e+01   6.6734727e+01
   8.9945142e+01   6.7400780e+01
   9.0212052e+01   6.7989342e+01
   9.0410382e+01   6.8500412e+01
   9.0410382e+01   6.8500412e+01
   9.0650948e+01   6.8983246e+01
   9.1044564e+01   6.9487099e+01
   9.1591231e+01   7.0011970e+01
   9.2290947e+01   7.0557860e+01
   9.3143714e+01   7.1124769e+01
   9.4149532e+01   7.1712696e+01
   9.5308399e+01   7.2321641e+01
   9.6620317e+01   7.2951606e+01
   9.8085285e+01   7.3602589e+01
   9.9703304e+01   7.4274591e+01
   9.9703304e+01   7.4274591e+01
   1.0126894e+02   7.4993576e+01
   1.0257677e+02   7.5785509e+01
   1.0362678e+02   7.6650391e+01
   1.0441898e+02   7.7588221e+01
   1.0495336e+02   7.8598999e+01
   1.0522994e+02   7.9682725e+01
   1.0524870e+02   8.0839400e+01
   1.0500965e+02   8.2069023e+01
   1.0451278e+02   8.3371594e+01
   1.0375811e+02   8.4747113e+01
   1.0375811e+02   8.4747113e+01
   1.0292374e+02   8.6116196e+01
   1.0218782e+02   8.7399456e+01
   1.0155034e+02   8.8596894e+01
   1.0101131e+02   8.9708509e+01
   1.0057071e+02   9.0734303e+01
   1.0022855e+02   9.1674274e+01
   9.9984840e+01   9.2528423e+01
   9.9839567e+01   9.3296750e+01
   9.9792736e+01   9.3979255e+01
   9.9844347e+01   9.4575937e+01
   9.9844347e+01   9.4575937e+01
   9.9936651e+01   9.5128572e+01
   1.0001190e+02   9.5678933e+01
   1.0007010e+02   9.6227022e+01
   1.0011125e+02   9.6772838e+01
   1.0013534e+02   9.7316381e+01
   1.0014238e+02   9.7857651e+01
   1.0013236e+02   9.8396647e+01
   1.0010529e+02   9.8933371e+01
   1.0006117e+02   9.9467822e+01
   1.0000000e+02   1.0000000e+02
