   0.0000000e+00   0.0000000e+00
   5.3796635e+00   3.7677573e+00
   1.1079317e+01   8.5163816e+00
   1.9651940e+01   1.3981870e+01
   2.7310841e+01   2.0001944e+01
   3.0505653e+01   2.7834528e+01
   3.3729759e+01   3.4009007e+01
   3.2776726e+01   3.9506067e+01
   3.3786028e+01   4.4605548e+01
   3.5842375e+01   4.9243723e+01
   3.3542457e+01   5.4121806e+01
   4.0086040e+01   5.9370550e+01
   4.9570537e+01   6.2549340e+01
   5.8586361e+01   6.7420195e+01
   6.6747374e+01   7.3198040e+01
   7.1627324e+01   7.7126748e+01
   7.6165068e+01   8.0786221e+01
   8.0063541e+01   8.3928554e+01
   8.4136687e+01   8.7212119e+01
