   0.0000000e+00   0.0000000e+00
   3.5763329e+00   5.6018318e+00
   6.2354902e+00   1.1474910e+01
   1.1777466e+01   1.4784821e+01
   1.7401171e+01   1.6791278e+01
   2.3345083e+01   1.9609288e+01
   2.9940666e+01   2.1094515e+01
   3.5675590e+01   2.3922050e+01
   4.1459871e+01   2.7159189e+01
   4.7789518e+01   2.9475158e+01
   5.3128311e+01   3.2400414e+01
   5.8756288e+01   3.5991082e+01
   6.4873264e+01   3.8945707e+01
   6.9276654e+01   4.3710583e+01
   7.2515331e+01   4.9651309e+01
   7.4151034e+01   5.5952585e+01
   7.4865168e+01   6.2626676e+01
   7.6127262e+01   6.9054390e+01
   7.9099892e+01   7.4431470e+01
   8.1061636e+01   8.0308276e+01
   8.0842188e+01   8.7295625e+01
   8.3347450e+01   9.3075790e+01
   8.8629278e+01   9.7040380e+01
   9.3608945e+01   9.8640185e+01
