   0.0000000e+00   0.0000000e+00
   7.0710679e+00   7.0710677e+00
   1.4142136e+01   1.4142135e+01
   2.1213207e+01   2.1213199e+01
   2.6552603e+01   2.9548301e+01
   2.9537092e+01   3.9092288e+01
   3.4492043e+01   4.6912082e+01
   4.0769455e+01   4.9497732e+01
   4.5222316e+01   5.4535047e+01
   5.3279316e+01   5.8524183e+01
   6.2053304e+01   6.1637534e+01
   6.8382410e+01   6.9297550e+01
   7.5725332e+01   7.6080026e+01
   8.2806277e+01   8.3140712e+01
   9.0694532e+01   9.0854938e+01
   9.6431763e+01   9.6497158e+01
