   0.0000000e+00   0.0000000e+00
   7.0710663e+00   7.0710694e+00
   1.4142132e+01   1.4142139e+01
   2.1213198e+01   2.1213209e+01
   2.8284265e+01   2.8284277e+01
   3.3171422e+01   3.3171431e+01
   3.7353665e+01   3.7353671e+01
   4.1416519e+01   4.1416524e+01
   4.8487590e+01   4.8487589e+01
   5.5558645e+01   5.5558669e+01
   6.2629696e+01   6.2629754e+01
   6.9700753e+01   6.9700833e+01
   7.6771823e+01   7.6771898e+01
   8.3842906e+01   8.3842951e+01
   8.7789260e+01   8.7789294e+01
   9.2126720e+01   9.2126742e+01
