   0.0000000e+00   0.0000000e+00
   4.8307304e+00   1.2972798e+00
   8.9430735e+00   4.8583069e+00
   1.5470750e+01   1.2580428e+01
   2.4482305e+01   1.6879877e+01
   3.0327131e+01   2.4356415e+01
   3.2594015e+01   3.3138754e+01
   4.1799914e+01   3.4929768e+01
   5.0952253e+01   3.1453796e+01
   6.0076008e+01   3.3208584e+01
   6.7090169e+01   3.9557795e+01
   7.4441106e+01   4.5450134e+01
   8.1877518e+01   5.1293076e+01
   8.5341019e+01   5.9902602e+01
   9.0410382e+01   6.8500412e+01
   9.9703304e+01   7.4274591e+01
   1.0375811e+02   8.4747113e+01
   9.9844347e+01   9.4575937e+01
