   0.0000000e+00   0.0000000e+00
   4.7459575e+00   8.6926511e+00
   1.1712112e+01   1.4964925e+01
   2.1272574e+01   1.7714917e+01
   3.0534411e+01   2.1408775e+01
   3.9679419e+01   2.5400777e+01
   4.8538705e+01   3.0031372e+01
   5.7540835e+01   3.4385086e+01
   6.6006439e+01   3.9681938e+01
   7.1990888e+01   4.7536191e+01
   7.4404921e+01   5.7209057e+01
   7.5638236e+01   6.7132261e+01
   7.8041620e+01   7.4420130e+01
   8.0490585e+01   8.4024515e+01
   8.3127803e+01   9.3044320e+01
   8.8730068e+01   9.5739324e+01
