   0.0000000e+00   0.0000000e+00
   9.4836601e-01   1.0375816e+00
   1.7934640e+00   2.1503265e+00
   2.5352941e+00   3.3382346e+00
   3.1738562e+00   4.6013060e+00
   3.7091503e+00   5.9395406e+00
   4.1411764e+00   7.3529385e+00
   4.4699345e+00   8.8414996e+00
   4.6954247e+00   1.0405224e+01
   4.8176469e+00   1.2044112e+01
   4.8366011e+00   1.3758162e+01
   4.8366011e+00   1.3758162e+01
   4.8684199e+00   1.5464161e+01
   5.0292362e+00   1.7078891e+01
   5.3190497e+00   1.8602353e+01
   5.7378606e+00   2.0034548e+01
   6.2856689e+00   2.1375474e+01
   6.9624744e+00   2.2625132e+01
   7.7682774e+00   2.3783521e+01
   8.7030776e+00   2.4850643e+01
   9.7668752e+00   2.5826497e+01
   1.0959670e+01   2.6711082e+01
   1.0959670e+01   2.6711082e+01
   1.2220264e+01   2.7542489e+01
   1.3487459e+01   2.8358804e+01
   1.4761254e+01   2.9160029e+01
   1.6041649e+01   2.9946164e+01
   1.7328646e+01   3.0717208e+01
   1.8622243e+01   3.1473161e+01
   1.9922440e+01   3.2214023e+01
   2.1229238e+01   3.2939795e+01
   2.2542637e+01   3.3650477e+01
   2.3862636e+01   3.4346067e+01
   2.3862636e+01   3.4346067e+01
   2.5182536e+01   3.5041820e+01
   2.6495635e+01   3.5752986e+01
   2.7801935e+01   3.6479566e+01
   2.9101434e+01   3.7221559e+01
   3.0394134e+01   3.7978967e+01
   3.1680033e+01   3.8751788e+01
   3.2959132e+01   3.9540023e+01
   3.4231431e+01   4.0343672e+01
   3.5496930e+01   4.1162734e+01
   3.6755629e+01   4.1997210e+01
   3.6755629e+01   4.1997210e+01
   3.8009064e+01   4.2840062e+01
   3.9258772e+01   4.3684251e+01
   4.0504753e+01   4.4529777e+01
   4.1747007e+01   4.5376641e+01
   4.2985534e+01   4.6224842e+01
   4.4220333e+01   4.7074380e+01
   4.5451406e+01   4.7925255e+01
   4.6678751e+01   4.8777468e+01
   4.7902369e+01   4.9631018e+01
   4.9122260e+01   5.0485905e+01
   4.9122260e+01   5.0485905e+01
   5.0334016e+01   5.1351340e+01
   5.1533233e+01   5.2236533e+01
   5.2719908e+01   5.3141485e+01
   5.3894043e+01   5.4066195e+01
   5.5055638e+01   5.5010664e+01
   5.6204691e+01   5.5974891e+01
   5.7341205e+01   5.6958876e+01
   5.8465177e+01   5.7962620e+01
   5.9576609e+01   5.8986122e+01
   6.0675500e+01   6.0029383e+01
   6.0675500e+01   6.0029383e+01
   6.1754890e+01   6.1077126e+01
   6.2807820e+01   6.2114075e+01
   6.3834288e+01   6.3140231e+01
   6.4834296e+01   6.4155593e+01
   6.5807843e+01   6.5160161e+01
   6.6754928e+01   6.6153936e+01
   6.7675553e+01   6.7136917e+01
   6.8569717e+01   6.8109105e+01
   6.9437420e+01   6.9070499e+01
   7.0278662e+01   7.0021099e+01
   7.0278662e+01   7.0021099e+01
   7.1140526e+01   7.0932466e+01
   7.2070093e+01   7.1776159e+01
   7.3067365e+01   7.2552180e+01
   7.4132341e+01   7.3260526e+01
   7.5265020e+01   7.3901200e+01
   7.6465404e+01   7.4474200e+01
   7.7733492e+01   7.4979526e+01
   7.9069284e+01   7.5417180e+01
   8.0472780e+01   7.5787159e+01
   8.1943979e+01   7.6089466e+01
   8.1943979e+01   7.6089466e+01
   8.3395411e+01   7.6410468e+01
   8.4739602e+01   7.6836536e+01
   8.5976553e+01   7.7367668e+01
   8.7106264e+01   7.8003865e+01
   8.8128734e+01   7.8745127e+01
   8.9043963e+01   7.9591455e+01
   8.9851952e+01   8.0542847e+01
   9.0552701e+01   8.1599304e+01
   9.1146209e+01   8.2760827e+01
   9.1632477e+01   8.4027414e+01
   9.1632477e+01   8.4027414e+01
   9.2065640e+01   8.5310838e+01
   9.2499834e+01   8.6522873e+01
   9.2935060e+01   8.7663517e+01
   9.3371316e+01   8.8732771e+01
   9.3808603e+01   8.9730635e+01
   9.4246921e+01   9.0657108e+01
   9.4686271e+01   9.1512192e+01
   9.5126651e+01   9.2295885e+01
   9.5568062e+01   9.3008188e+01
   9.6010505e+01   9.3649100e+01
   9.6010505e+01   9.3649100e+01
   9.6449062e+01   9.4257305e+01
   9.6878817e+01   9.4871484e+01
   9.7299771e+01   9.5491638e+01
   9.7711923e+01   9.6117766e+01
   9.8115273e+01   9.6749869e+01
   9.8509822e+01   9.7387946e+01
   9.8895569e+01   9.8031998e+01
   9.9272514e+01   9.8682024e+01
   9.9640658e+01   9.9338025e+01
   1.0000000e+02   1.0000000e+02
