   0.0000000e+00   0.0000000e+00
   5.5923197e-01   5.0187867e-01
   1.2369279e+00   1.0075147e+00
   2.0330877e+00   1.5169080e+00
   2.9477115e+00   2.0300587e+00
   3.9807992e+00   2.5469668e+00
   5.1323509e+00   3.0676321e+00
   6.4023665e+00   3.5920549e+00
   7.7908460e+00   4.1202349e+00
   9.2977895e+00   4.6521723e+00
   1.0923197e+01   5.1878671e+00
   1.0923197e+01   5.1878671e+00
   1.2539607e+01   5.7520557e+00
   1.4019558e+01   6.3694749e+00
   1.5363051e+01   7.0401246e+00
   1.6570084e+01   7.7640047e+00
   1.7640659e+01   8.5411154e+00
   1.8574775e+01   9.3714566e+00
   1.9372432e+01   1.0255028e+01
   2.0033631e+01   1.1191830e+01
   2.0558371e+01   1.2181863e+01
   2.0946652e+01   1.3225126e+01
   2.0946652e+01   1.3225126e+01
   2.1311514e+01   1.4295866e+01
   2.1765999e+01   1.5368327e+01
   2.2310105e+01   1.6442510e+01
   2.2943833e+01   1.7518416e+01
   2.3667183e+01   1.8596043e+01
   2.4480156e+01   1.9675392e+01
   2.5382750e+01   2.0756464e+01
   2.6374965e+01   2.1839257e+01
   2.7456803e+01   2.2923772e+01
   2.8628263e+01   2.4010009e+01
   2.8628263e+01   2.4010009e+01
   2.9813271e+01   2.5086442e+01
   3.0935754e+01   2.6141543e+01
   3.1995713e+01   2.7175313e+01
   3.2993146e+01   2.8187752e+01
   3.3928054e+01   2.9178860e+01
   3.4800437e+01   3.0148637e+01
   3.5610295e+01   3.1097082e+01
   3.6357629e+01   3.2024196e+01
   3.7042437e+01   3.2929979e+01
   3.7664720e+01   3.3814431e+01
   3.7664720e+01   3.3814431e+01
   3.8274906e+01   3.4710300e+01
   3.8923421e+01   3.5650333e+01
   3.9610266e+01   3.6634531e+01
   4.0335441e+01   3.7662893e+01
   4.1098946e+01   3.8735421e+01
   4.1900780e+01   3.9852113e+01
   4.2740945e+01   4.1012969e+01
   4.3619439e+01   4.2217991e+01
   4.4536262e+01   4.3467177e+01
   4.5491416e+01   4.4760528e+01
   4.5491416e+01   4.4760528e+01
   4.6458329e+01   4.6043307e+01
   4.7410432e+01   4.7260777e+01
   4.8347724e+01   4.8412940e+01
   4.9270205e+01   4.9499795e+01
   5.0177875e+01   5.0521341e+01
   5.1070735e+01   5.1477580e+01
   5.1948785e+01   5.2368510e+01
   5.2812024e+01   5.3194132e+01
   5.3660452e+01   5.3954446e+01
   5.4494069e+01   5.4649451e+01
   5.4494069e+01   5.4649451e+01
   5.5335260e+01   5.5333973e+01
   5.6206407e+01   5.6062835e+01
   5.7107511e+01   5.6836036e+01
   5.8038572e+01   5.7653578e+01
   5.8999590e+01   5.8515460e+01
   5.9990564e+01   5.9421681e+01
   6.1011495e+01   6.0372243e+01
   6.2062383e+01   6.1367144e+01
   6.3143228e+01   6.2406386e+01
   6.4254030e+01   6.3489967e+01
   6.4254030e+01   6.3489967e+01
   6.5350855e+01   6.4569994e+01
   6.6389773e+01   6.5598569e+01
   6.7370781e+01   6.6575693e+01
   6.8293882e+01   6.7501367e+01
   6.9159074e+01   6.8375590e+01
   6.9966357e+01   6.9198362e+01
   7.0715732e+01   6.9969683e+01
   7.1407199e+01   7.0689553e+01
   7.2040757e+01   7.1357972e+01
   7.2616407e+01   7.1974941e+01
   7.2616407e+01   7.1974941e+01
   7.3209891e+01   7.2548826e+01
   7.3896951e+01   7.3087995e+01
   7.4677587e+01   7.3592448e+01
   7.5551800e+01   7.4062185e+01
   7.6519588e+01   7.4497206e+01
   7.7580953e+01   7.4897511e+01
   7.8735894e+01   7.5263100e+01
   7.9984411e+01   7.5593972e+01
   8.1326505e+01   7.5890129e+01
   8.2762174e+01   7.6151570e+01
   8.2762174e+01   7.6151570e+01
   8.4155260e+01   7.6417707e+01
   8.5369602e+01   7.6727956e+01
   8.6405200e+01   7.7082316e+01
   8.7262054e+01   7.7480786e+01
   8.7940164e+01   7.7923368e+01
   8.8439530e+01   7.8410060e+01
   8.8760153e+01   7.8940863e+01
   8.8902031e+01   7.9515776e+01
   8.8865166e+01   8.0134801e+01
   8.8649557e+01   8.0797936e+01
   8.8649557e+01   8.0797936e+01
   8.8407843e+01   8.1518585e+01
   8.8292665e+01   8.2310148e+01
   8.8304021e+01   8.3172627e+01
   8.8441913e+01   8.4106020e+01
   8.8706339e+01   8.5110329e+01
   8.9097301e+01   8.6185553e+01
   8.9614797e+01   8.7331692e+01
   9.0258829e+01   8.8548745e+01
   9.1029396e+01   8.9836714e+01
   9.1926497e+01   9.1195598e+01
   9.1926497e+01   9.1195598e+01
   9.2871565e+01   9.2538550e+01
   9.3786028e+01   9.3778721e+01
   9.4669888e+01   9.4916112e+01
   9.5523144e+01   9.5950722e+01
   9.6345796e+01   9.6882553e+01
   9.7137845e+01   9.7711603e+01
   9.7899289e+01   9.8437873e+01
   9.8630130e+01   9.9061362e+01
   9.9330367e+01   9.9582071e+01
   1.0000000e+02   1.0000000e+02
