   0.0000000e+00   0.0000000e+00
   9.8650255e-01   9.6653045e-01
   1.9460102e+00   1.8661218e+00
   2.8785230e+00   2.6987741e+00
   3.7840409e+00   3.4644873e+00
   4.6625639e+00   4.1632614e+00
   5.5140919e+00   4.7950964e+00
   6.3386251e+00   5.3599923e+00
   7.1361635e+00   5.8579491e+00
   7.9067069e+00   6.2889668e+00
   8.6502554e+00   6.6530455e+00
   8.6502554e+00   6.6530455e+00
   9.3797391e+00   7.0199616e+00
   1.0108088e+01   7.4594917e+00
   1.0835303e+01   7.9716358e+00
   1.1561382e+01   8.5563940e+00
   1.2286327e+01   9.2137662e+00
   1.3010138e+01   9.9437524e+00
   1.3732813e+01   1.0746353e+01
   1.4454354e+01   1.1621567e+01
   1.5174761e+01   1.2569395e+01
   1.5894032e+01   1.3589837e+01
   1.5894032e+01   1.3589837e+01
   1.6578375e+01   1.4632512e+01
   1.7193994e+01   1.5647037e+01
   1.7740889e+01   1.6633411e+01
   1.8219061e+01   1.7591637e+01
   1.8628509e+01   1.8521712e+01
   1.8969234e+01   1.9423638e+01
   1.9241235e+01   2.0297414e+01
   1.9444513e+01   2.1143040e+01
   1.9579067e+01   2.1960517e+01
   1.9644898e+01   2.2749843e+01
   1.9644898e+01   2.2749843e+01
   1.9738086e+01   2.3524541e+01
   1.9954712e+01   2.4298131e+01
   2.0294776e+01   2.5070613e+01
   2.0758279e+01   2.5841988e+01
   2.1345220e+01   2.6612254e+01
   2.2055599e+01   2.7381413e+01
   2.2889416e+01   2.8149464e+01
   2.3846671e+01   2.8916406e+01
   2.4927364e+01   2.9682242e+01
   2.6131496e+01   3.0446969e+01
   2.6131496e+01   3.0446969e+01
   2.7371878e+01   3.1168535e+01
   2.8561324e+01   3.1804888e+01
   2.9699832e+01   3.2356028e+01
   3.0787404e+01   3.2821953e+01
   3.1824040e+01   3.3202666e+01
   3.2809738e+01   3.3498165e+01
   3.3744500e+01   3.3708450e+01
   3.4628325e+01   3.3833522e+01
   3.5461213e+01   3.3873380e+01
   3.6243165e+01   3.3828025e+01
   3.6243165e+01   3.3828025e+01
   3.6973094e+01   3.3829453e+01
   3.7649915e+01   3.4009660e+01
   3.8273628e+01   3.4368646e+01
   3.8844233e+01   3.4906412e+01
   3.9361730e+01   3.5622957e+01
   3.9826119e+01   3.6518281e+01
   4.0237399e+01   3.7592384e+01
   4.0595572e+01   3.8845267e+01
   4.0900636e+01   4.0276929e+01
   4.1152593e+01   4.1887370e+01
   4.1152593e+01   4.1887370e+01
   4.1332293e+01   4.3517069e+01
   4.1420590e+01   4.5006502e+01
   4.1417483e+01   4.6355671e+01
   4.1322973e+01   4.7564574e+01
   4.1137059e+01   4.8633213e+01
   4.0859741e+01   4.9561587e+01
   4.0491020e+01   5.0349695e+01
   4.0030895e+01   5.0997539e+01
   3.9479366e+01   5.1505117e+01
   3.8836434e+01   5.1872431e+01
   3.8836434e+01   5.1872431e+01
   3.8276377e+01   5.2197295e+01
   3.7973473e+01   5.2577524e+01
   3.7927722e+01   5.3013118e+01
   3.8139125e+01   5.3504078e+01
   3.8607682e+01   5.4050402e+01
   3.9333392e+01   5.4652092e+01
   4.0316255e+01   5.5309147e+01
   4.1556272e+01   5.6021567e+01
   4.3053442e+01   5.6789353e+01
   4.4807766e+01   5.7612504e+01
   4.4807766e+01   5.7612504e+01
   4.6573277e+01   5.8492816e+01
   4.8104007e+01   5.9432085e+01
   4.9399958e+01   6.0430312e+01
   5.0461129e+01   6.1487496e+01
   5.1287520e+01   6.2603638e+01
   5.1879130e+01   6.3778736e+01
   5.2235961e+01   6.5012793e+01
   5.2358012e+01   6.6305806e+01
   5.2245284e+01   6.7657777e+01
   5.1897775e+01   6.9068706e+01
   5.1897775e+01   6.9068706e+01
   5.1528918e+01   7.0454409e+01
   5.1352145e+01   7.1730705e+01
   5.1367456e+01   7.2897592e+01
   5.1574851e+01   7.3955073e+01
   5.1974330e+01   7.4903145e+01
   5.2565892e+01   7.5741810e+01
   5.3349539e+01   7.6471067e+01
   5.4325270e+01   7.7090916e+01
   5.5493084e+01   7.7601358e+01
   5.6852982e+01   7.8002391e+01
   5.6852982e+01   7.8002391e+01
   5.8267540e+01   7.8372385e+01
   5.9599332e+01   7.8789705e+01
   6.0848359e+01   7.9254352e+01
   6.2014620e+01   7.9766326e+01
   6.3098116e+01   8.0325627e+01
   6.4098846e+01   8.0932254e+01
   6.5016812e+01   8.1586209e+01
   6.5852011e+01   8.2287490e+01
   6.6604446e+01   8.3036098e+01
   6.7274114e+01   8.3832033e+01
   6.7274114e+01   8.3832033e+01
   6.7907081e+01   8.4644732e+01
   6.8549409e+01   8.5443634e+01
   6.9201098e+01   8.6228737e+01
   6.9862149e+01   8.7000043e+01
   7.0532561e+01   8.7757551e+01
   7.1212334e+01   8.8501261e+01
   7.1901468e+01   8.9231173e+01
   7.2599963e+01   8.9947288e+01
   7.3307820e+01   9.0649604e+01
   7.4025038e+01   9.1338123e+01
   7.4025038e+01   9.1338123e+01
   7.4765612e+01   9.1996458e+01
   7.5543538e+01   9.2608223e+01
   7.6358814e+01   9.3173419e+01
   7.7211443e+01   9.3692045e+01
   7.8101422e+01   9.4164102e+01
   7.9028753e+01   9.4589589e+01
   7.9993435e+01   9.4968506e+01
   8.0995468e+01   9.5300854e+01
   8.2034853e+01   9.5586632e+01
   8.3111589e+01   9.5825841e+01
   8.3111589e+01   9.5825841e+01
   8.4191087e+01   9.6041930e+01
   8.5238760e+01   9.6258351e+01
   8.6254606e+01   9.6475102e+01
   8.7238626e+01   9.6692184e+01
   8.8190820e+01   9.6909598e+01
   8.9111188e+01   9.7127342e+01
   8.9999729e+01   9.7345417e+01
   9.0856445e+01   9.7563823e+01
   9.1681334e+01   9.7782560e+01
   9.2474397e+01   9.8001628e+01
   9.2474397e+01   9.8001628e+01
   9.3249088e+01   9.8218922e+01
   9.4018861e+01   9.8432337e+01
   9.4783716e+01   9.8641872e+01
   9.5543653e+01   9.8847528e+01
   9.6298672e+01   9.9049305e+01
   9.7048774e+01   9.9247203e+01
   9.7793957e+01   9.9441221e+01
   9.8534223e+01   9.9631360e+01
   9.9269570e+01   9.9817620e+01
   1.0000000e+02   1.0000000e+02
