   0.0000000e+00   0.0000000e+00
   5.8003406e-01   5.8003406e-01
   1.2090251e+00   1.2090251e+00
   1.8869732e+00   1.8869732e+00
   2.6138782e+00   2.6138782e+00
   3.3897403e+00   3.3897403e+00
   4.2145594e+00   4.2145594e+00
   5.0883355e+00   5.0883355e+00
   6.0110685e+00   6.0110685e+00
   6.9827586e+00   6.9827586e+00
   6.9827586e+00   6.9827586e+00
   7.9483866e+00   7.9626767e+00
   8.8529334e+00   8.9100939e+00
   9.6963990e+00   9.8250102e+00
   1.0478783e+01   1.0707425e+01
   1.1200087e+01   1.1557340e+01
   1.1860309e+01   1.2374753e+01
   1.2459450e+01   1.3159666e+01
   1.2997509e+01   1.3912077e+01
   1.3474488e+01   1.4631988e+01
   1.3474488e+01   1.4631988e+01
   1.3948929e+01   1.5328615e+01
   1.4479377e+01   1.6011175e+01
   1.5065831e+01   1.6679669e+01
   1.5708292e+01   1.7334095e+01
   1.6406760e+01   1.7974456e+01
   1.7161234e+01   1.8600749e+01
   1.7971714e+01   1.9212976e+01
   1.8838201e+01   1.9811137e+01
   1.9760695e+01   2.0395230e+01
   1.9760695e+01   2.0395230e+01
   2.0702541e+01   2.0954722e+01
   2.1627087e+01   2.1479077e+01
   2.2534331e+01   2.1968294e+01
   2.3424274e+01   2.2422375e+01
   2.4296916e+01   2.2841318e+01
   2.5152257e+01   2.3225124e+01
   2.5990297e+01   2.3573793e+01
   2.6811036e+01   2.3887325e+01
   2.7614473e+01   2.4165719e+01
   2.7614473e+01   2.4165719e+01
   2.8417077e+01   2.4454041e+01
   2.9235315e+01   2.4797353e+01
   3.0069186e+01   2.5195656e+01
   3.0918690e+01   2.5648950e+01
   3.1783829e+01   2.6157234e+01
   3.2664601e+01   2.6720510e+01
   3.3561006e+01   2.7338776e+01
   3.4473046e+01   2.8012033e+01
   3.5400719e+01   2.8740280e+01
   3.5400719e+01   2.8740280e+01
   3.6249241e+01   2.9538095e+01
   3.6923829e+01   3.0420052e+01
   3.7424483e+01   3.1386151e+01
   3.7751203e+01   3.2436394e+01
   3.7903988e+01   3.3570779e+01
   3.7882840e+01   3.4789306e+01
   3.7687756e+01   3.6091977e+01
   3.7318739e+01   3.7478790e+01
   3.6775787e+01   3.8949746e+01
   3.6775787e+01   3.8949746e+01
   3.6228605e+01   4.0400405e+01
   3.5846895e+01   4.1726329e+01
   3.5630659e+01   4.2927518e+01
   3.5579894e+01   4.4003971e+01
   3.5694603e+01   4.4955689e+01
   3.5974785e+01   4.5782671e+01
   3.6420439e+01   4.6484918e+01
   3.7031566e+01   4.7062430e+01
   3.7808166e+01   4.7515206e+01
   3.7808166e+01   4.7515206e+01
   3.8637857e+01   4.7959738e+01
   3.9408258e+01   4.8512515e+01
   4.0119368e+01   4.9173537e+01
   4.0771188e+01   4.9942805e+01
   4.1363718e+01   5.0820319e+01
   4.1896957e+01   5.1806079e+01
   4.2370906e+01   5.2900084e+01
   4.2785565e+01   5.4102334e+01
   4.3140933e+01   5.5412830e+01
   4.3140933e+01   5.5412830e+01
   4.3521306e+01   5.6668223e+01
   4.4010978e+01   5.7705164e+01
   4.4609949e+01   5.8523652e+01
   4.5318219e+01   5.9123688e+01
   4.6135789e+01   5.9505272e+01
   4.7062657e+01   5.9668403e+01
   4.8098825e+01   5.9613082e+01
   4.9244292e+01   5.9339309e+01
   5.0499058e+01   5.8847083e+01
   5.0499058e+01   5.8847083e+01
   5.1798287e+01   5.8280900e+01
   5.3077145e+01   5.7785256e+01
   5.4335631e+01   5.7360149e+01
   5.5573745e+01   5.7005581e+01
   5.6791488e+01   5.6721551e+01
   5.7988858e+01   5.6508058e+01
   5.9165857e+01   5.6365104e+01
   6.0322484e+01   5.6292688e+01
   6.1458740e+01   5.6290810e+01
   6.1458740e+01   5.6290810e+01
   6.2557832e+01   5.6386046e+01
   6.3602969e+01   5.6604970e+01
   6.4594152e+01   5.6947584e+01
   6.5531381e+01   5.7413886e+01
   6.6414655e+01   5.8003877e+01
   6.7243974e+01   5.8717558e+01
   6.8019339e+01   5.9554927e+01
   6.8740750e+01   6.0515985e+01
   6.9408206e+01   6.1600732e+01
   6.9408206e+01   6.1600732e+01
   7.0061242e+01   6.2726941e+01
   7.0739393e+01   6.3812386e+01
   7.1442659e+01   6.4857066e+01
   7.2171040e+01   6.5860982e+01
   7.2924536e+01   6.6824134e+01
   7.3703146e+01   6.7746522e+01
   7.4506871e+01   6.8628145e+01
   7.5335711e+01   6.9469004e+01
   7.6189666e+01   7.0269098e+01
   7.6189666e+01   7.0269098e+01
   7.7054289e+01   7.1052046e+01
   7.7915132e+01   7.1841464e+01
   7.8772196e+01   7.2637353e+01
   7.9625481e+01   7.3439712e+01
   8.0474986e+01   7.4248542e+01
   8.1320712e+01   7.5063842e+01
   8.2162658e+01   7.5885613e+01
   8.3000826e+01   7.6713854e+01
   8.3835213e+01   7.7548566e+01
   8.3835213e+01   7.7548566e+01
   8.4682174e+01   7.8381894e+01
   8.5558059e+01   7.9205986e+01
   8.6462870e+01   8.0020841e+01
   8.7396606e+01   8.0826458e+01
   8.8359266e+01   8.1622839e+01
   8.9350852e+01   8.2409983e+01
   9.0371362e+01   8.3187890e+01
   9.1420798e+01   8.3956559e+01
   9.2499158e+01   8.4715992e+01
   9.2499158e+01   8.4715992e+01
   9.3562800e+01   8.5394973e+01
   9.4568078e+01   8.5922288e+01
   9.5514994e+01   8.6297936e+01
   9.6403546e+01   8.6521918e+01
   9.7233736e+01   8.6594234e+01
   9.8005563e+01   8.6514883e+01
   9.8719027e+01   8.6283865e+01
   9.9374127e+01   8.5901181e+01
   9.9970865e+01   8.5366831e+01
   9.9970865e+01   8.5366831e+01
   1.0052381e+02   8.4925978e+01
   1.0104754e+02   8.4823787e+01
   1.0154204e+02   8.5060259e+01
   1.0200733e+02   8.5635392e+01
   1.0244340e+02   8.6549188e+01
   1.0285024e+02   8.7801645e+01
   1.0322787e+02   8.9392765e+01
   1.0357627e+02   9.1322546e+01
   1.0389546e+02   9.3590990e+01
   1.0389546e+02   9.3590990e+01
   1.0411810e+02   9.5837025e+01
   1.0417687e+02   9.7699578e+01
   1.0407178e+02   9.9178652e+01
   1.0380282e+02   1.0027424e+02
   1.0336999e+02   1.0098636e+02
   1.0277329e+02   1.0131499e+02
   1.0201273e+02   1.0126014e+02
   1.0108830e+02   1.0082181e+02
   1.0000000e+02   1.0000000e+02
