   0.0000000e+00   0.0000000e+00
   1.0573133e+00   1.1073245e+00
   2.0070310e+00   2.2070760e+00
   2.8491532e+00   3.2992543e+00
   3.5836797e+00   4.3838594e+00
   4.2106106e+00   5.4608915e+00
   4.7299459e+00   6.5303504e+00
   5.1416857e+00   7.5922361e+00
   5.4458298e+00   8.6465488e+00
   5.6423784e+00   9.6932883e+00
   5.6423784e+00   9.6932883e+00
   5.8598512e+00   1.0689579e+01
   6.2267681e+00   1.1592545e+01
   6.7431292e+00   1.2402186e+01
   7.4089344e+00   1.3118502e+01
   8.2241838e+00   1.3741494e+01
   9.1888772e+00   1.4271161e+01
   1.0303015e+01   1.4707503e+01
   1.1566597e+01   1.5050521e+01
   1.2979622e+01   1.5300213e+01
   1.2979622e+01   1.5300213e+01
   1.4450024e+01   1.5522163e+01
   1.5885734e+01   1.5781952e+01
   1.7286752e+01   1.6079580e+01
   1.8653078e+01   1.6415048e+01
   1.9984711e+01   1.6788354e+01
   2.1281653e+01   1.7199499e+01
   2.2543902e+01   1.7648484e+01
   2.3771459e+01   1.8135307e+01
   2.4964325e+01   1.8659970e+01
   2.4964325e+01   1.8659970e+01
   2.6120846e+01   1.9195909e+01
   2.7239372e+01   1.9716561e+01
   2.8319903e+01   2.0221926e+01
   2.9362439e+01   2.0712005e+01
   3.0366979e+01   2.1186796e+01
   3.1333524e+01   2.1646301e+01
   3.2262074e+01   2.2090519e+01
   3.3152629e+01   2.2519450e+01
   3.4005188e+01   2.2933095e+01
   3.4005188e+01   2.2933095e+01
   3.4879777e+01   2.3356276e+01
   3.5836423e+01   2.3813817e+01
   3.6875126e+01   2.4305718e+01
   3.7995885e+01   2.4831980e+01
   3.9198700e+01   2.5392602e+01
   4.0483571e+01   2.5987584e+01
   4.1850499e+01   2.6616927e+01
   4.3299483e+01   2.7280629e+01
   4.4830524e+01   2.7978692e+01
   4.4830524e+01   2.7978692e+01
   4.6339518e+01   2.8669634e+01
   4.7722363e+01   2.9311973e+01
   4.8979058e+01   2.9905710e+01
   5.0109604e+01   3.0450844e+01
   5.1114001e+01   3.0947376e+01
   5.1992249e+01   3.1395305e+01
   5.2744347e+01   3.1794632e+01
   5.3370296e+01   3.2145356e+01
   5.3870095e+01   3.2447478e+01
   5.3870095e+01   3.2447478e+01
   5.4365388e+01   3.2755829e+01
   5.4977817e+01   3.3125240e+01
   5.5707382e+01   3.3555713e+01
   5.6554084e+01   3.4047247e+01
   5.7517921e+01   3.4599841e+01
   5.8598894e+01   3.5213496e+01
   5.9797003e+01   3.5888212e+01
   6.1112249e+01   3.6623989e+01
   6.2544631e+01   3.7420827e+01
   6.2544631e+01   3.7420827e+01
   6.3962554e+01   3.8244180e+01
   6.5234424e+01   3.9059502e+01
   6.6360242e+01   3.9866795e+01
   6.7340007e+01   4.0666057e+01
   6.8173719e+01   4.1457288e+01
   6.8861378e+01   4.2240490e+01
   6.9402985e+01   4.3015661e+01
   6.9798539e+01   4.3782801e+01
   7.0048040e+01   4.4541911e+01
   7.0048040e+01   4.4541911e+01
   7.0206871e+01   4.5336076e+01
   7.0330415e+01   4.6208379e+01
   7.0418671e+01   4.7158822e+01
   7.0471640e+01   4.8187403e+01
   7.0489321e+01   4.9294123e+01
   7.0471715e+01   5.0478982e+01
   7.0418821e+01   5.1741979e+01
   7.0330640e+01   5.3083116e+01
   7.0207172e+01   5.4502392e+01
   7.0207172e+01   5.4502392e+01
   7.0116759e+01   5.5940087e+01
   7.0127744e+01   5.7336485e+01
   7.0240127e+01   5.8691583e+01
   7.0453909e+01   6.0005383e+01
   7.0769089e+01   6.1277884e+01
   7.1185668e+01   6.2509087e+01
   7.1703644e+01   6.3698991e+01
   7.2323019e+01   6.4847597e+01
   7.3043793e+01   6.5954904e+01
   7.3043793e+01   6.5954904e+01
   7.3793792e+01   6.7026746e+01
   7.4500845e+01   6.8068959e+01
   7.5164951e+01   6.9081542e+01
   7.5786110e+01   7.0064495e+01
   7.6364323e+01   7.1017818e+01
   7.6899589e+01   7.1941511e+01
   7.7391909e+01   7.2835575e+01
   7.7841282e+01   7.3700008e+01
   7.8247708e+01   7.4534812e+01
   7.8247708e+01   7.4534812e+01
   7.8697708e+01   7.5337414e+01
   7.9278868e+01   7.6102839e+01
   7.9991188e+01   7.6831088e+01
   8.0834667e+01   7.7522159e+01
   8.1809307e+01   7.8176053e+01
   8.2915106e+01   7.8792771e+01
   8.4152065e+01   7.9372311e+01
   8.5520183e+01   7.9914674e+01
   8.7019462e+01   8.0419861e+01
   8.7019462e+01   8.0419861e+01
   8.8545892e+01   8.0917800e+01
   8.9995303e+01   8.1438926e+01
   9.1367693e+01   8.1983239e+01
   9.2663062e+01   8.2550738e+01
   9.3881412e+01   8.3141423e+01
   9.5022741e+01   8.3755295e+01
   9.6087050e+01   8.4392354e+01
   9.7074339e+01   8.5052599e+01
   9.7984607e+01   8.5736030e+01
   9.7984607e+01   8.5736030e+01
   9.8784385e+01   8.6529908e+01
   9.9440202e+01   8.7521490e+01
   9.9952057e+01   8.8710777e+01
   1.0031995e+02   9.0097769e+01
   1.0054388e+02   9.1682466e+01
   1.0062385e+02   9.3464868e+01
   1.0055986e+02   9.5444974e+01
   1.0035191e+02   9.7622786e+01
   1.0000000e+02   9.9998303e+01
