   0.0000000e+00   0.0000000e+00
   9.8990057e-01   9.4821808e-01
   1.9596023e+00   1.7928723e+00
   2.9091052e+00   2.5339627e+00
   3.8384092e+00   3.1714892e+00
   4.7475143e+00   3.7054519e+00
   5.6364206e+00   4.1358507e+00
   6.5051281e+00   4.4626857e+00
   7.3536367e+00   4.6859569e+00
   8.1819464e+00   4.8056642e+00
   8.9900573e+00   4.8218076e+00
   8.9900573e+00   4.8218076e+00
   9.7893579e+00   4.8451076e+00
   1.0591237e+01   4.9862846e+00
   1.1395694e+01   5.2453384e+00
   1.2202729e+01   5.6222692e+00
   1.3012342e+01   6.1170770e+00
   1.3824533e+01   6.7297617e+00
   1.4639303e+01   7.4603233e+00
   1.5456651e+01   8.3087619e+00
   1.6276577e+01   9.2750774e+00
   1.7099081e+01   1.0359270e+01
   1.7099081e+01   1.0359270e+01
   1.7937395e+01   1.1502382e+01
   1.8804748e+01   1.2645458e+01
   1.9701142e+01   1.3788497e+01
   2.0626575e+01   1.4931499e+01
   2.1581049e+01   1.6074464e+01
   2.2564563e+01   1.7217393e+01
   2.3577117e+01   1.8360284e+01
   2.4618710e+01   1.9503139e+01
   2.5689344e+01   2.0645957e+01
   2.6789019e+01   2.1788739e+01
   2.6789019e+01   2.1788739e+01
   2.7890337e+01   2.2920799e+01
   2.8965902e+01   2.4031453e+01
   3.0015715e+01   2.5120702e+01
   3.1039776e+01   2.6188545e+01
   3.2038084e+01   2.7234983e+01
   3.3010640e+01   2.8260015e+01
   3.3957443e+01   2.9263642e+01
   3.4878494e+01   3.0245863e+01
   3.5773793e+01   3.1206678e+01
   3.6643339e+01   3.2146088e+01
   3.6643339e+01   3.2146088e+01
   3.7477676e+01   3.3059760e+01
   3.8267347e+01   3.3943362e+01
   3.9012352e+01   3.4796894e+01
   3.9712691e+01   3.5620356e+01
   4.0368364e+01   3.6413748e+01
   4.0979371e+01   3.7177070e+01
   4.1545711e+01   3.7910321e+01
   4.2067386e+01   3.8613503e+01
   4.2544395e+01   3.9286614e+01
   4.2976738e+01   3.9929656e+01
   4.2976738e+01   3.9929656e+01
   4.3402132e+01   4.0577444e+01
   4.3858294e+01   4.1264797e+01
   4.4345225e+01   4.1991713e+01
   4.4862924e+01   4.2758193e+01
   4.5411392e+01   4.3564237e+01
   4.5990628e+01   4.4409845e+01
   4.6600633e+01   4.5295017e+01
   4.7241406e+01   4.6219752e+01
   4.7912947e+01   4.7184052e+01
   4.8615258e+01   4.8187916e+01
   4.8615258e+01   4.8187916e+01
   4.9329492e+01   4.9181454e+01
   5.0036809e+01   5.0114780e+01
   5.0737206e+01   5.0987892e+01
   5.1430685e+01   5.1800790e+01
   5.2117244e+01   5.2553475e+01
   5.2796885e+01   5.3245947e+01
   5.3469608e+01   5.3878205e+01
   5.4135411e+01   5.4450249e+01
   5.4794296e+01   5.4962080e+01
   5.5446262e+01   5.5413698e+01
   5.5446262e+01   5.5413698e+01
   5.6105188e+01   5.5858592e+01
   5.6784953e+01   5.6350252e+01
   5.7485558e+01   5.6888678e+01
   5.8207002e+01   5.7473870e+01
   5.8949285e+01   5.8105828e+01
   5.9712407e+01   5.8784552e+01
   6.0496368e+01   5.9510042e+01
   6.1301169e+01   6.0282298e+01
   6.2126809e+01   6.1101320e+01
   6.2973288e+01   6.1967108e+01
   6.2973288e+01   6.1967108e+01
   6.3820873e+01   6.2850161e+01
   6.4649828e+01   6.3720978e+01
   6.5460154e+01   6.4579559e+01
   6.6251852e+01   6.5425903e+01
   6.7024920e+01   6.6260011e+01
   6.7779360e+01   6.7081883e+01
   6.8515171e+01   6.7891518e+01
   6.9232353e+01   6.8688918e+01
   6.9930905e+01   6.9474081e+01
   7.0610829e+01   7.0247008e+01
   7.0610829e+01   7.0247008e+01
   7.1298776e+01   7.0987684e+01
   7.2021396e+01   7.1676095e+01
   7.2778690e+01   7.2312239e+01
   7.3570659e+01   7.2896119e+01
   7.4397301e+01   7.3427733e+01
   7.5258617e+01   7.3907081e+01
   7.6154607e+01   7.4334163e+01
   7.7085271e+01   7.4708980e+01
   7.8050609e+01   7.5031532e+01
   7.9050621e+01   7.5301818e+01
   7.9050621e+01   7.5301818e+01
   8.0060629e+01   7.5604909e+01
   8.1055955e+01   7.6025876e+01
   8.2036600e+01   7.6564720e+01
   8.3002564e+01   7.7221440e+01
   8.3953846e+01   7.7996035e+01
   8.4890446e+01   7.8888507e+01
   8.5812365e+01   7.9898856e+01
   8.6719603e+01   8.1027080e+01
   8.7612159e+01   8.2273180e+01
   8.8490033e+01   8.3637157e+01
   8.8490033e+01   8.3637157e+01
   8.9341197e+01   8.5020310e+01
   9.0153623e+01   8.6323941e+01
   9.0927310e+01   8.7548048e+01
   9.1662258e+01   8.8692633e+01
   9.2358468e+01   8.9757694e+01
   9.3015939e+01   9.0743233e+01
   9.3634671e+01   9.1649248e+01
   9.4214665e+01   9.2475741e+01
   9.4755920e+01   9.3222711e+01
   9.5258436e+01   9.3890158e+01
   9.5258436e+01   9.3890158e+01
   9.5740684e+01   9.4516173e+01
   9.6221134e+01   9.5138848e+01
   9.6699786e+01   9.5758183e+01
   9.7176639e+01   9.6374178e+01
   9.7651695e+01   9.6986832e+01
   9.8124952e+01   9.7596146e+01
   9.8596411e+01   9.8202120e+01
   9.9066072e+01   9.8804754e+01
   9.9533935e+01   9.9404047e+01
   1.0000000e+02   1.0000000e+02
